41.390000000014,0.209999999962747,11.6900000000001
40.6300000000047,0.559999999590218,14.49
40.0300000000279,0.910000000149012,11.4400000000001
41.1799999999348,0.150000000372529,23.99
39.390000000014,1.19000000040978,14.87
40.4299999999348,0.5,26.79
39.6699999999255,0.929999999701977,22.98
39.4199999999255,0.990000000223517,28.23
38.1699999999255,1.05999999959022,29.81
40.0799999999581,0.129999999888241,26.22
39.3099999999395,0.580000000074506,22.3
40.4699999999721,0.0800000000745058,14.74
39.8299999999581,0.450000000186265,11.49
35.8299999999581,0.269999999552965,11.39
34.4899999999907,0.959999999962747,11.3
34.0799999999581,1.09999999962747,15.8800000000001
35.5,0.200000000186265,29.56
34.7800000000279,0.620000000111759,25.95
34.2199999999721,0.849999999627471,29.71
32.6500000000233,1.07000000029802,30.05
32.8299999999581,1.04999999981374,24.4
34.3299999999581,0.290000000037253,25.29
34.1799999999348,0.540000000037253,11.28
29.8199999999488,0.5,11.48
28.4799999999814,1.17999999970198,11.35
26.7199999999721,1.25,29.99
27.1899999999441,1.07000000029802,25.83
28.5400000000373,0.370000000111759,26.04
28.2099999999627,0.730000000447035,11.34
29.5499999999302,0.0400000000372529,11.4400000000001
25.2600000000093,0,11.34
23.8399999999674,0.730000000447035,10.8800000000001
24.2700000000186,0.299999999813735,25.86
23.9100000000326,0.429999999701977,30.4400000000001
22.2900000000373,0.660000000149012,29.81
22.3399999999674,0.879999999888241,10.75
23.6999999999534,0.190000000409782,10.93
19.140000000014,0.190000000409782,10.79
17.7900000000373,0.889999999664724,10.65
18.9199999999255,0.139999999664724,22.6
17.140000000014,1.08000000007451,20.39
17.640000000014,0.700000000186265,29.14
16.8699999999953,1.07000000029802,31.6300000000001
16.7199999999721,0.650000000372529,31.59
15.8800000000047,1.12999999988824,27.54
17.4199999999255,0.320000000298023,28.7
16.2999999999302,1.13999999966472,10.58
17.6600000000326,0.440000000409782,10.72
13.4199999999255,0.200000000186265,10.95
12.0999999999767,0.870000000111759,10.93
12.7399999999907,0.330000000074506,26.61
10.0200000000186,1.21999999973923,27.1900000000001
11.7299999999814,0.330000000074506,29.06
12.1899999999441,0.150000000372529,24.9
10.6199999999953,1.12999999988824,11.04
11.9399999999441,0.459999999962747,11.01
7.70999999996275,0.25,11.43
6.4100000000326,0.910000000149012,11.52
6.41999999992549,0.740000000223517,24.03
5.97999999998137,0.900000000372529,28.17
5.40000000002328,1.24000000022352,25.43
5.44999999995343,1.12000000011176,31.8200000000001
5.32999999995809,0.690000000409782,32.29
6.60999999998603,0.0400000000372529,32.08
6.79999999993015,0.0199999995529652,26.8200000000001
4.92999999993481,1.17999999970198,11.72
6.20999999996275,0.53000000026077,11.46
2.17999999993481,0.269999999552965,12.27
0.89000000001397,0.929999999701977,12.42
2.16999999992549,0.0199999995529652,30.71
0.439999999944121,0.389999999664724,30.37
0.57999999995809,0.559999999590218,12.52
46.8399999999674,0.129999999888241,16.05
46.0400000000373,0.599999999627471,11.8800000000001
46.5200000000186,0.21999999973923,21.15
46.5200000000186,0.139999999664724,27.87
45.8199999999488,0.540000000037253,24.24
45.2600000000093,0.78000000026077,28.06
43.5799999999581,1.15000000037253,27.08
44.9499999999534,0.450000000186265,27.45
44.4799999999814,0.879999999888241,11.59
45.8399999999674,0.190000000409782,11.8200000000001
17.6600000000326,12.0400000000373,30.4
18.0999999999767,11.410000000149,21.77
18.0400000000373,11.6200000001118,8.63000000000005
16.9000000000233,9.94000000040978,9.20000000000005
15.5799999999581,10.6100000003353,9.24000000000001
17.8199999999488,9.24000000022352,26.3200000000001
17.0599999999395,9.66999999992549,22.68
17.5599999999395,9.30999999959022,31.27
16.7900000000373,9.75,27.6
16.1899999999441,10.0099999997765,30.95
15.5699999999488,9.82000000029802,29.95
17.2199999999721,8.95999999996275,31.55
16.6999999999534,9.25,29.08
17.7399999999907,8.73000000044703,27.76
17.8299999999581,8.75999999977648,21.8800000000001
16.4699999999721,9.54000000003725,15.33
15.2099999999627,10.2599999997765,9.25
17.859999999986,8.91000000014901,9.19000000000005
17.5599999999395,6.78000000026077,9.71000000000004
16.1899999999441,7.46999999973923,9.57000000000005
18,6.33999999985099,24.62
17.2099999999627,6.79000000003725,20.83
14.890000000014,8.12999999988824,9.64000000000004
17.8800000000047,6.33999999985099,30.3200000000001
17.2700000000186,6.67999999970198,27.42
16.0100000000093,7.40000000037253,21.37
13.5799999999581,8.79000000003725,9.74000000000001
16.5699999999488,7,30.3200000000001
14.6999999999534,7.99000000022352,27.68
13.890000000014,8.37000000011176,30.14
13.2399999999907,8.74000000022352,27.05
13.75,7.87999999988824,30.76
13.2900000000373,8.13999999966472,28.5700000000001
14.2999999999302,7.63999999966472,27.11
15.8699999999953,6.83000000007451,28.3200000000001
16.6500000000233,6.45999999996275,25.79
13.3099999999395,8.37000000011176,9.79000000000002
17.7299999999814,5.91999999992549,24.67
14.6300000000047,7.70000000018626,9.73000000000002
17.8199999999488,5.94000000040978,18.76
15.9599999999627,7.01999999955297,9.77000000000004
17.890000000014,6,12.65
17.2600000000093,6.36000000033528,9.62
17.109999999986,4.16999999992549,10.15
17.3199999999488,3.95999999996275,17.49
15.7900000000373,4.83999999985099,10.14
17.1799999999348,3.95999999996275,23.1900000000001
15.6199999999953,4.86000000033528,15.68
14.4699999999721,5.51999999955297,10.14
13.1500000000233,6.19000000040978,10.1300000000001
14.3800000000047,5.38999999966472,22.3800000000001
11.8399999999674,6.84999999962747,10.2
13.9899999999907,5.54000000003725,26.75
10.5400000000373,7.50999999977648,10.33
13.5100000000093,5.74000000022352,30.66
10.6799999999348,7.16999999992549,29.73
11.0300000000279,6.45999999996275,26.35
13.609999999986,5.16000000014901,26.09
10.2999999999302,7.04000000003725,10.35
14.9199999999255,4.49000000022352,26.06
11.6199999999953,6.37999999988824,10.27
14.5499999999302,4.79000000003725,17.97
12.9299999999348,5.71999999973923,10.17
16.6199999999953,3.66999999992549,21.55
14.2700000000186,5.03000000026077,10.23
17.8399999999674,3.04999999981374,21.06
16.7099999999627,3.70999999996275,15.58
15.5999999999767,4.34999999962747,10.22
16.9199999999255,3.67999999970198,10.16
16.4299999999348,1.57000000029802,10.58
15.1199999999953,2.24000000022352,10.65
15.859999999986,1.73000000044703,20.54
13.7900000000373,2.91999999992549,10.6
15.9499999999534,1.59999999962747,27.22
12.4899999999907,3.58000000007451,10.64
15.5400000000373,1.74000000022352,31.51
14.0400000000373,2.59999999962747,24.3200000000001
11.1899999999441,4.23000000044703,10.6900000000001
14.390000000014,2.32000000029802,32.1900000000001
12.8099999999395,3.23000000044703,24.65
9.85999999998603,4.90000000037253,10.66
12.6999999999534,3.20999999996275,30.37
8.54000000003725,5.57000000029802,10.6900000000001
10.8299999999581,4.17999999970198,27.75
10.5300000000279,4.26999999955297,32.56
9.5899999999674,4.80999999959022,28.1300000000001
8.51000000000931,5.44000000040978,23.02
7.81999999994878,5.66000000014901,32.2
7.78000000002794,5.19000000040978,32.84
8.63000000000466,4.78000000026077,30.67
7.75,5.29000000003725,26.56
10.3800000000047,3.86000000033528,32.73
9.0899999999674,4.61000000033528,26.64
8.55999999993946,4.91000000014901,24.12
12.6500000000233,2.74000000022352,30.9400000000001
8.34999999997672,5.20000000018626,10.56
14.2399999999907,1.91000000014901,32.24
13.5300000000279,2.30999999959022,28.8800000000001
12.7099999999627,2.78000000026077,24.95
9.67999999993481,4.50999999977648,10.59
15.2800000000279,1.38999999966472,30.96
11.0100000000093,3.83000000007451,10.58
12.3499999999767,3.16000000014901,10.62
13.6300000000047,2.5,10.47
14.9599999999627,1.82000000029802,10.5
10.7999999999302,1.53000000026077,11.03
9.44999999995343,2.20999999996275,10.97
8.15000000002328,2.88999999966472,11.05
9.97999999998137,1.73000000044703,26.02
6.85999999998603,3.54000000003725,11.21
10.1699999999255,1.54000000003725,33.11
5.54999999993015,4.20999999996275,11.29
8.84999999997672,2.21999999973923,33.04
8.21999999997206,2.57000000029802,30.08
6.69999999995343,3.37000000011176,29.03
6.28000000002794,3.53000000026077,33.12
5.57999999995809,3.94000000040978,29.8200000000001
5.54999999993015,3.46999999973923,30.9400000000001
7.02000000001863,2.70000000018626,31.7
6.46999999997206,3.01999999955297,29.15
8,2.21999999973923,30.14
9.77000000001863,1.29000000003725,32.26
8.90000000002328,1.78000000026077,28.16
5.34999999997672,3.83000000007451,11.42
9.41999999992549,1.58000000007451,24.37
6.65000000002328,3.16999999992549,11.25
7.93999999994412,2.50999999977648,11.03
9.27000000001863,1.82000000029802,11.06
5.13000000000466,1.55999999959022,11.74
3.8399999999674,2.21999999973923,11.9
3.91999999992549,2,24.7
3.42999999993481,1.70999999996275,29.6
0.380000000004657,0.320000000298023,12.8200000000001
2.01000000000931,0.240000000223517,12.46
3.5899999999674,0.160000000149012,12.23
0,0.519999999552965,30.45
5.21999999997206,0.0899999998509884,11.87
1.15000000002328,0.480000000447035,31.6900000000001
4.66999999992549,0.190000000409782,19.1900000000001
6.79999999993015,0.00999999977648258,11.67
2.76000000000931,0.400000000372529,31.3200000000001
5.22999999998137,0.190000000409782,22.56
6.04000000003725,0.179999999701977,25.1
5.85999999998603,0.25,31.04
6.98999999999069,0.150000000372529,27.09
6.79999999993015,0.230000000447035,33.12
9.81999999994878,0.099999999627471,33.21
17.7099999999627,0.00999999977648258,30.24
15.390000000014,0.160000000149012,33.05
16.2900000000373,0.0800000000745058,29.93
14.0200000000186,0.21999999973923,32.54
14.8399999999674,0.139999999664724,29.71
13.140000000014,0.230000000447035,30.33
13.9399999999441,0.169999999925494,27.56
10.7399999999907,0.389999999664724,33.42
12.0300000000279,0.269999999552965,28.9400000000001
12.7800000000279,0.209999999962747,26.3
9.29000000003725,0.450000000186265,33.24
10.6199999999953,0.330000000074506,28.5700000000001
11.8499999999767,0.240000000223517,24.29
7.72999999998137,0.53000000026077,33.42
10.859999999986,0.269999999552965,22.4400000000001
9.66999999992549,0.320000000298023,21.29
12.609999999986,0.0800000000745058,10.99
6.35999999998603,0.519999999552965,27.61
11.0599999999395,0.150000000372529,11.04
5.68999999994412,0.53000000026077,24.6
9.5,0.230000000447035,11.17
1.89000000001397,0.799999999813735,32.7
4.68999999994412,0.559999999590218,22.79
7.92999999993481,0.299999999813735,11.31
0.880000000004657,0.830000000074506,30.9
6.35999999998603,0.379999999888241,11.48
4.71999999997206,0.459999999962747,11.8
3.09999999997672,0.540000000037253,12.12
1.5,0.620000000111759,12.35
4.61999999999534,2.78000000026077,11.81
6.25,2.70000000018626,11.45
7.88000000000466,2.62000000011176,11.09
9.43999999994412,2.54999999981374,10.97
5.52000000001863,2.91000000014901,30.2
11,2.48000000044703,10.9
7.30999999993946,2.82000000029802,29.26
12.5599999999395,2.41000000014901,10.81
14.1600000000326,2.33000000007451,10.61
8.98999999999069,2.80999999959022,34.04
10,2.70999999996275,30.5
11.0499999999302,2.62999999988824,26.8200000000001
15.7099999999627,2.25999999977648,10.52
10.6799999999348,2.73000000044703,33.39
13.1899999999441,2.50999999977648,24.6300000000001
17.2199999999721,2.19000000040978,10.56
12.8199999999488,2.59999999962747,31.2
14.8399999999674,2.44000000040978,24.18
14.1199999999953,2.55999999959022,31.97
14.9299999999348,2.48000000044703,29.15
15.8199999999488,2.45999999996275,31.35
17.5799999999581,2.37000000011176,30.53
16.8399999999674,2.66999999992549,30.01
14.9000000000233,2.79000000003725,31.51
15.5599999999395,2.71999999973923,29.21
15.4100000000326,2.69000000040978,24.5
16.1999999999534,2.62999999988824,21.74
12.0999999999767,2.90000000037253,30.75
17.9499999999534,2.42999999970198,10.36
10.390000000014,3.00999999977648,31.45
11.7199999999721,2.88999999966472,26.8
16.4100000000326,2.50999999977648,10.43
8.69999999995343,3.08999999985099,32.06
10.1300000000047,2.95999999996275,27.06
14.859999999986,2.58000000007451,10.51
6.97999999998137,3.17999999970198,32.74
13.2999999999302,2.65000000037253,10.61
11.7099999999627,2.74000000022352,10.72
10.1500000000233,2.80999999959022,10.8200000000001
8.56999999994878,2.88999999966472,10.98
7,2.95999999996275,11.1300000000001
5.39000000001397,3.04000000003725,11.43
3.77000000001863,3.12000000011176,11.74
8.55999999993946,5.20999999996275,10.72
10.0999999999767,5.13999999966472,10.6900000000001
7.29000000003725,5.41999999992549,26.02
8.30999999993946,5.33999999985099,22.42
11.640000000014,5.07000000029802,10.65
8.72999999998137,5.34999999962747,26.26
13.25,4.99000000022352,10.4400000000001
8.51000000000931,5.44000000040978,32.34
14.7999999999302,4.91999999992549,10.3
10.1799999999348,5.36000000033528,31.74
16.3399999999674,4.84999999962747,10.2
12.2299999999814,5.23000000044703,29.84
14.359999999986,5.07000000029802,22.41
15.6500000000233,4.96999999973923,17.91
17.9100000000326,4.76999999955297,10.03
15.390000000014,5.04000000003725,24.1300000000001
17.7099999999627,4.91000000014901,21.3200000000001
18.0100000000093,4.92999999970198,25.6
17.9199999999255,5.32000000029802,28.6
17.5799999999581,5.29999999981374,24.53
14.3399999999674,5.5,30.54
17.0499999999302,5.29000000003725,21.11
18.0400000000373,5.21999999973923,17.64
13.9899999999907,5.48000000044703,26.48
15.2199999999721,5.38999999966472,22.1900000000001
17.1300000000047,5.24000000022352,15.52
11.640000000014,5.62000000011176,29.39
15.0400000000373,5.36000000033528,17.5
17.1999999999534,5.16999999992549,9.97000000000003
15.6500000000233,5.24000000022352,10.05
8.73999999999069,5.75,28.97
9.69999999995343,5.67999999970198,25.58
14.0799999999581,5.32000000029802,10.22
8.48999999999069,5.71999999973923,24.48
12.5100000000093,5.38999999966472,10.34
10.9399999999441,5.46999999973923,10.45
9.39000000001397,5.54999999981374,10.54
7.86999999999534,5.62000000011176,10.52
10.9899999999907,7.83999999985099,10.3800000000001
12.609999999986,7.75,10.08
14.1799999999348,7.67999999970198,9.94000000000005
15.7600000000093,7.59999999962747,9.70000000000005
11.7399999999907,7.98000000044703,29.09
16.1600000000326,7.62999999988824,13.6300000000001
17.3199999999488,7.53000000026077,9.55000000000001
12.5100000000093,7.99000000022352,31.65
13.5200000000186,7.88999999966472,28.11
14.4399999999441,7.87000000011176,30.22
15.1199999999953,7.82000000029802,27.85
16.9899999999907,7.66999999992549,21.33
15.75,7.83000000007451,30.96
17.0999999999767,7.70999999996275,26.28
17.9000000000233,7.70000000018626,28.81
16.390000000014,8.12000000011176,31.35
17.2800000000279,8.03000000026077,28.25
14.9100000000326,8.19000000040978,31.24
17.75,7.95000000018626,21.36
14.4499999999534,8.16000000014901,27.6
11.8699999999953,8.33000000007451,31.26
16.1899999999441,7.98000000044703,16.1900000000001
16.5899999999674,7.87999999988824,9.44000000000005
15.0200000000186,7.95999999996275,9.62
13.4299999999348,8.04000000003725,9.85000000000002
11.859999999986,8.11000000033528,10
15.1500000000233,10.3799999998882,9.29000000000002
16.6899999999441,10.3099999995902,9.22000000000003
15.2099999999627,10.5400000000373,25.04
16.5499999999302,10.4900000002235,25.66
17.5899999999674,10.410000000149,22.03
16.7999999999302,10.519999999553,30.09
15.9199999999255,10.8499999996275,25.43
16.9100000000326,10.769999999553,21.97
17.5999999999767,10.6100000003353,8.93000000000001
16.0300000000279,10.679999999702,9.10000000000002
47.5999999999767,30.4900000002235,0.660000000000025
48.2199999999721,30.070000000298,10.59
47.5,30.3899999996647,13.65
46.9299999999348,30.5599999995902,24.12
47.140000000014,29.9199999999255,24.25
48.0899999999674,29.4599999999627,22.42
46.4599999999627,30.5300000002608,0.590000000000032
47.8699999999953,29.8099999995902,1.05000000000001
47.7199999999721,27.75,2.69000000000005
48.4000000000233,27.2800000002608,12.91
46.4199999999255,28.4000000003725,2.81
47.7199999999721,27.589999999851,16.1900000000001
47.0899999999674,27.9400000004098,13
45,29.1299999998882,2.32000000000005
45.7700000000186,28.6200000001118,13.03
44.9100000000326,29.0999999996275,8.66000000000003
45.3499999999767,28.269999999553,11.4
44.859999999986,28.5499999998137,8.89000000000004
46.5699999999488,27.660000000149,10.8200000000001
44.9499999999534,28.570000000298,2.56
48.3299999999581,26.730000000447,13.09
46.359999999986,27.8499999996275,3.03000000000003
47.6500000000233,27.2000000001863,2.85000000000002
47.5400000000373,25.1100000003353,4.19000000000005
46.1899999999441,25.7999999998137,4.03000000000003
47.6199999999953,24.9000000003725,18.08
44.8499999999767,26.4699999997392,4.01000000000005
47.1500000000233,25.0999999996275,22.33
46.4599999999627,25.480000000447,18.91
43.4000000000233,27.2099999999627,3.36000000000001
46.390000000014,25.4500000001863,25.21
44.859999999986,26.230000000447,24.11
42.109999999986,27.6299999998882,23.4
42.3499999999767,26.980000000447,23.64
41.8699999999953,27.25,21.23
45.0599999999395,25.5999999996275,24.09
44.5499999999302,25.8799999998882,21.54
46.5499999999302,24.8300000000745,24.98
42.2199999999721,27.2800000002608,3.07000000000005
47.3299999999581,24.4599999999627,22.3
46.3499999999767,25.0099999997765,17.4
43.6600000000326,26.5400000000373,3.67000000000002
47.7800000000279,24.2800000002608,17.9400000000001
45.0799999999581,25.8099999995902,4.21000000000004
46.4199999999255,25.1299999998882,4.27000000000004
47.75,24.4599999999627,4.31
47.3199999999488,22.4400000004098,5.30000000000001
45.9699999999721,23.1299999998882,5.16000000000003
47.8199999999488,21.9900000002235,21.43
45.7900000000373,23.1399999996647,11.08
44.5999999999767,23.820000000298,5.01000000000005
46.3299999999581,22.7599999997765,20.49
44.9499999999534,23.5400000000373,13.52
43.1999999999534,24.5300000002608,4.64000000000004
45.6999999999534,23.0300000002608,23.96
44.9799999999814,23.4400000004098,20.29
41.7999999999302,25.2400000002235,4.22000000000003
44.4799999999814,23.6500000003725,24.3800000000001
43.5899999999674,24.1500000003725,19.8800000000001
40.4000000000233,25.9699999997392,3.79000000000002
41.9899999999907,24.910000000149,24.89
41.2099999999627,25.3499999996275,20.98
40.6300000000047,25.5999999996275,24.6300000000001
39.6300000000047,25.570000000298,25.62
42.1799999999348,24.2800000002608,25.21
41.140000000014,24.8799999998882,19.96
43.3399999999674,23.7000000001863,24.42
44.6199999999953,23.0499999998137,24.28
43.7600000000093,23.5400000000373,19.91
40.609999999986,25.320000000298,4
45.9199999999255,22.3899999996647,24.21
42,24.6100000003353,4.36000000000001
46.5499999999302,22.0999999996275,20.81
45.1500000000233,22.9000000003725,13.67
43.4199999999255,23.8799999998882,4.84000000000003
48.140000000014,21.2800000002608,22.17
44.7900000000373,23.1900000004098,5.06
46.140000000014,22.5,5.19000000000005
47.5100000000093,21.8099999995902,5.39000000000004
48.4100000000326,19.070000000298,6.53000000000003
47.0200000000186,19.7800000002608,6.12
45.6300000000047,20.4900000002235,5.77000000000004
47,19.6200000001118,19.47
44.2700000000186,21.1699999999255,5.60000000000002
46.0699999999488,20.070000000298,21.45
44.5400000000373,20.9400000004098,13.68
42.9299999999348,21.8499999996275,5.49000000000001
45.0499999999302,20.570000000298,22.91
41.5599999999395,22.5499999998137,5.26000000000005
42.7700000000186,21.7999999998137,17.97
40.1799999999348,23.25,4.94000000000005
42.6300000000047,21.7800000002608,23.86
41.4799999999814,22.4500000001863,18.05
38.8199999999488,23.9599999999627,4.67000000000002
41.4699999999721,22.3700000001118,24.6
40.9599999999627,22.6500000003725,22.03
37.4199999999255,24.6699999999255,4.29000000000002
40.2999999999302,22.9500000001863,25.23
38.3499999999767,24.0599999995902,15.54
38.890000000014,23.6699999999255,24.76
37.7399999999907,24.3300000000745,19.01
37.2099999999627,24.6299999998882,16.34
37.9499999999534,24.1299999998882,26.54
37.2600000000093,24.519999999553,23.14
36.7999999999302,24.2199999997392,26.41
38.1199999999953,23.5400000000373,26.54
37.3199999999488,24.0099999997765,22.53
39.3800000000047,22.9000000003725,26.26
37.7099999999627,23.8600000003353,17.95
37.1899999999441,24.1500000003725,15.3200000000001
40.5100000000093,22.3499999996275,25.3
38.4599999999627,23.5099999997765,15.0700000000001
37.9499999999534,23.7999999998137,12.53
41.8099999999395,21.679999999702,25.29
41.0499999999302,22.1100000003353,21.46
39.9599999999627,22.7400000002235,16
37.6699999999255,24.0400000000373,4.49000000000001
42.8399999999674,21.179999999702,23.85
41.5799999999581,21.9000000003725,17.51
39.0499999999302,23.3300000000745,4.81
43.9000000000233,20.6500000003725,22.59
40.4100000000326,22.6299999998882,5.01000000000005
45.2800000000279,19.9400000004098,22.9400000000001
41.8099999999395,21.910000000149,5.37
44.7199999999721,20.339999999851,13.43
43.1799999999348,21.2099999999627,5.59000000000003
47.1699999999255,19.019999999553,19.1900000000001
45.8199999999488,19.7900000000373,12.33
44.5400000000373,20.519999999553,5.78000000000003
45.9000000000233,19.8300000000745,5.93000000000001
48.4599999999627,18.4500000001863,12.3
47.2600000000093,19.1399999996647,6.15000000000003
47.9399999999441,16.5,7.55000000000001
47.3099999999395,16.7800000002608,11.08
46.4599999999627,17.2599999997765,6.71000000000004
45.109999999986,17.9400000004098,6.56
46.6500000000233,16.9900000002235,21.0700000000001
43.7700000000186,18.6200000001118,6.40000000000003
45.2800000000279,17.6900000004098,20.72
42.4100000000326,19.320000000298,6.15000000000003
44.3299999999581,18.1399999996647,22.55
41.0599999999395,20,6
39.6999999999534,20.7000000001863,5.78000000000003
41.9399999999441,19.339999999851,23.67
38.3299999999581,21.410000000149,5.46000000000004
40.8299999999581,19.9000000003725,24.66
36.9199999999255,22.1200000001118,5.09000000000003
39.6899999999441,20.4599999999627,25.6
35.4699999999721,22.8700000001118,4.43000000000001
38.5899999999674,21,26.62
37.4599999999627,21.660000000149,20.9400000000001
37.0599999999395,21.8799999998882,18.97
35.4799999999814,22.7000000001863,17.62
35.0799999999581,22.9199999999255,15.6300000000001
36.0699999999488,22.2800000002608,26.98
35.0899999999674,22.8499999996275,22.1300000000001
34.9000000000233,22.339999999851,26.83
34.1999999999534,22.7199999997392,23.37
36.2600000000093,21.6399999996647,27.03
37.5799999999581,20.9599999999627,27.08
35.6799999999348,22.0400000000373,17.7
38.7600000000093,20.3600000003353,26.48
37.8800000000047,20.8700000001118,22.0700000000001
38.7999999999302,20.429999999702,20.06
38.0300000000279,20.8600000003353,16.22
35.6999999999534,22.1900000004098,4.53000000000003
37.1600000000326,21.4400000004098,5.25
42.2299999999814,18.6299999998882,24.09
41.6799999999348,18.9400000004098,21.33
38.5699999999488,20.7199999997392,5.60000000000002
43.640000000014,17.9000000003725,24.62
39.9599999999627,20,6
44.4299999999348,17.5300000002608,21.97
41.2999999999302,19.3099999995902,6.12
45.1699999999255,17.1900000004098,19.03
42.6600000000326,18.6100000003353,6.33000000000004
45.5300000000279,17.070000000298,14.2
44.0499999999302,17.910000000149,6.65000000000003
45.4000000000233,17.2199999997392,6.72000000000003
46.75,16.5300000002608,6.91000000000003
48.4199999999255,15.660000000149,8.71000000000004
47.7800000000279,13.7900000000373,9.64000000000004
46.2999999999302,14.5499999998137,8.86000000000001
48.390000000014,13.2800000002608,26.31
45.9199999999255,14.679999999702,13.73
44.7299999999814,15.3600000003353,7.63000000000005
46.7399999999907,14.1299999998882,24.5700000000001
44.8199999999488,15.2199999997392,14.84
43.359999999986,16.0599999995902,7.35000000000002
45.5400000000373,14.730000000447,25.09
42,16.75,7.08000000000004
44.3699999999953,15.320000000298,25.7
40.6600000000326,17.429999999702,6.90000000000003
43.0400000000373,16,25.51
41.6899999999441,16.7800000002608,18.66
39.359999999986,18.0999999996275,6.89000000000004
41.0599999999395,17.0400000000373,22.09
37.9699999999721,18.8099999995902,6.58000000000004
39.3499999999767,17.9400000004098,20.11
37.9399999999441,18.7400000002235,13.04
36.5799999999581,19.519999999553,6.17000000000002
38.8499999999767,18.1299999998882,24.18
36.6199999999953,19.410000000149,12.97
35.109999999986,20.2800000002608,5.39000000000004
37.9699999999721,18.5599999995902,26.24
36.4399999999441,19.429999999702,18.67
33.6799999999348,20.9900000002235,4.91000000000003
36.8399999999674,19.1299999998882,27.14
36.2199999999721,19.4900000002235,24.06
35.0899999999674,20.1200000001118,18.5
35.3499999999767,19.9000000003725,26.25
33.7999999999302,20.769999999553,18.55
33.140000000014,21.1399999996647,15.33
34.0799999999581,20.5300000002608,26.41
32.9899999999907,21.1500000003725,21
31.9399999999441,21.1100000003353,21.75
34.2700000000186,19.8700000001118,26.6900000000001
32.4299999999348,20.910000000149,17.58
35.6600000000326,19.160000000149,27.09
34.1699999999255,20,19.67
33.1600000000326,20.570000000298,14.6900000000001
36.9000000000233,18.5300000002608,26.7
36.2800000000279,18.8899999996647,23.65
34.6799999999348,19.7999999998137,15.6900000000001
32.4699999999721,21.0499999998137,4.69000000000005
38.0200000000186,17.9699999997392,25.81
33.8399999999674,20.339999999851,4.97000000000003
38.8399999999674,17.5800000000745,23.3800000000001
35.2700000000186,19.6200000001118,5.53000000000003
39.359999999986,17.3700000001118,19.42
36.75,18.8600000003353,6.28000000000003
41.1799999999348,16.410000000149,21.89
40.4799999999814,16.8099999995902,18.37
38.1600000000326,18.1299999998882,6.72000000000003
43.0699999999488,15.410000000149,24.8200000000001
41.7999999999302,16.1399999996647,18.39
39.5400000000373,17.4199999999255,6.96000000000004
44.140000000014,14.8799999998882,23.6300000000001
40.859999999986,16.75,6.98000000000002
45.3399999999674,14.269999999553,23.06
42.2199999999721,16.0499999998137,7.18000000000001
46.9199999999255,13.4500000001863,24.47
44.6699999999255,14.730000000447,13.02
43.5899999999674,15.3499999996275,7.49000000000001
48.4399999999441,12.6699999999255,25.53
44.9199999999255,14.6699999999255,7.59000000000003
47.9699999999721,13.0999999996275,9.65000000000003
47.7099999999627,11.0800000000745,10.37
47.9699999999721,10.7599999997765,25.18
46.8199999999488,11.410000000149,19.35
44.7099999999627,12.6100000003353,8.57000000000005
45.8699999999953,11.8700000001118,21.2
43.3499999999767,13.3099999995902,8.34000000000003
45.0899999999674,12.230000000447,23.93
42.9000000000233,13.4900000002235,12.77
44.1300000000047,12.7000000001863,25.66
43.109999999986,13.269999999553,20.49
40.5699999999488,14.730000000447,7.62
39.25,15.4000000003725,7.5
41.4799999999814,14.0400000000373,25.39
39.609999999986,15.1200000001118,15.95
37.9299999999348,16.070000000298,7.5
40.25,14.660000000149,25.79
37.3699999999953,16.3099999995902,11.28
36.5899999999674,16.7599999997765,7.35000000000002
38.7399999999907,15.4400000004098,24.76
35.1899999999441,17.480000000447,6.92000000000002
37.6500000000233,15.9900000002235,25.78
37.0599999999395,16.320000000298,22.92
35.5200000000186,17.2000000001863,15.22
33.7199999999721,18.2199999997392,6.20000000000005
36.4199999999255,16.5999999996275,26.24
34.7999999999302,17.5300000002608,18.22
32.3499999999767,18.9199999999255,5.98000000000002
34.4799999999814,17.6299999998882,23.12
30.9399999999441,19.6299999998882,5.62
33.9899999999907,17.820000000298,27.1900000000001
31.6300000000047,19.160000000149,15.53
30.890000000014,19.589999999851,11.91
30.4899999999907,19.6500000003725,22.8800000000001
30.1999999999534,19.7400000002235,27.8200000000001
29.7999999999302,19.4500000001863,25.06
31.5400000000373,18.5400000000373,27.15
30.609999999986,19.070000000298,22.59
32.8399999999674,17.8799999998882,27.14
32.1799999999348,18.25,23.87
34.0499999999302,17.269999999553,26.62
31.7900000000373,18.5499999998137,15.46
29.7700000000186,19.7000000001863,5.49000000000001
33.3299999999581,17.75,16.55
31.1500000000233,19,5.72000000000003
36.1699999999255,16.230000000447,24.1300000000001
35.4399999999441,16.6399999996647,20.54
33.6300000000047,17.660000000149,11.5
32.5100000000093,18.2999999998137,5.91000000000003
37.2999999999302,15.660000000149,23.21
34.6500000000233,17.160000000149,9.98000000000002
33.9499999999534,17.5599999995902,6.47000000000003
39.0400000000373,14.730000000447,25.37
35.390000000014,16.8300000000745,7.05000000000001
40.4199999999255,14.0300000002608,25.68
38.1699999999255,15.320000000298,14.36
36.7900000000373,16.1200000001118,7.40000000000003
39.6600000000326,14.5499999998137,15.21
38.140000000014,15.410000000149,7.55000000000001
39.4799999999814,14.730000000447,7.59000000000003
44.359999999986,12.0300000002608,25.66
43.7199999999721,12.3899999996647,22.3800000000001
43.2299999999814,12.6699999999255,19.92
40.8399999999674,14.0300000002608,7.80000000000001
45.4399999999441,11.4900000002235,24.5
42.2299999999814,13.320000000298,8.14000000000004
46.9299999999348,10.7199999997392,25.45
43.5999999999767,12.6200000001118,8.43000000000001
48,10.1900000004098,24.18
47.0100000000093,10.75,19.14
44.9399999999441,11.9400000004098,8.55000000000001
48.2399999999907,10.1299999998882,18.77
46.6300000000047,11.0599999995902,10.49
47.9299999999348,10.4000000003725,10.4
47.2999999999302,8.48000000044703,10.62
45.8800000000047,9.20999999996275,10.06
47.7299999999814,8.07000000029802,26.27
44.4699999999721,9.92999999970198,9.58000000000004
46.9100000000326,8.45000000018626,28.75
46.4499999999534,8.70999999996275,26.3800000000001
44.4199999999255,9.87999999988824,15.97
43.0599999999395,10.6500000003725,9.08000000000004
45.7399999999907,9.03000000026077,29.35
41.7199999999721,11.3300000000745,8.88000000000005
44.2399999999907,9.80999999959022,28.29
43.7600000000093,10.0800000000745,25.89
40.3699999999953,12.019999999553,8.63000000000005
42.640000000014,10.6399999996647,26.75
39.7099999999627,12.320000000298,11.93
39.0300000000279,12.7099999999627,8.45000000000005
38.4100000000326,12.9699999997392,12
37.6699999999255,13.3899999996647,8.30000000000001
40.0799999999581,11.929999999702,27.04
36.2999999999302,14.0999999996275,7.99000000000001
38.8199999999488,12.570000000298,27.29
37.2299999999814,13.480000000447,19.3200000000001
34.9799999999814,14.769999999553,7.99000000000001
37.3299999999581,13.339999999851,26.28
36.6999999999534,13.7099999999627,23.12
36.0799999999581,14.0599999995902,20.09
33.5300000000279,15.5099999997765,7.33000000000004
35.7199999999721,14.1900000004098,24.78
32.1199999999953,16.230000000447,6.86000000000001
30.7299999999814,16.9400000004098,6.54000000000002
33.5300000000279,15.269999999553,26.8200000000001
29.3800000000047,17.6200000001118,6.38000000000005
32.25,15.910000000149,26.99
31.0499999999302,16.589999999851,21.0700000000001
30.6999999999534,16.7099999999627,25.78
28.4599999999627,17.820000000298,27.64
28.3399999999674,17.3600000003353,26.83
27.2399999999907,17.980000000447,21.47
30.7099999999627,16.160000000149,25.62
28.0899999999674,17.7400000002235,6.17000000000002
29.4499999999534,17.0300000002608,6.38000000000005
30.8199999999488,16.339999999851,6.55000000000001
35.6699999999255,13.660000000149,24.04
32.2399999999907,15.6100000003353,6.96000000000004
37.0200000000186,12.980000000447,24.17
36.5699999999488,13.230000000447,21.97
33.6899999999441,14.8700000001118,7.57000000000005
38.9299999999348,11.9500000001863,27.24
35.0999999999767,14.1500000003725,7.99000000000001
40.3099999999395,11.2400000002235,27.58
36.4399999999441,13.4599999999627,8.10000000000002
41.6799999999348,10.5499999998137,27.85
41.1699999999255,10.839999999851,25.28
40.6199999999953,11.1500000003725,22.51
37.7700000000186,12.7800000002608,8.15000000000003
42.8699999999953,9.95000000018626,27.27
39.1500000000233,12.070000000298,8.43000000000001
44.359999999986,9.16999999992549,28.24
43.8499999999767,9.46999999973923,25.64
40.5200000000186,11.3700000001118,8.68000000000001
43.8499999999767,9.54999999981374,18.96
41.8699999999953,10.679999999702,8.90000000000003
46.5100000000093,8.09999999962747,25.93
43.2299999999814,9.98000000044703,9.15000000000003
48.2700000000186,7.17999999970198,28.2
44.640000000014,9.25,9.65000000000003
46.0799999999581,8.51999999955297,10.22
48.2800000000279,7.33000000007451,14.84
47.4699999999721,7.80999999959022,10.61
48.2600000000093,5.11000000033528,11.03
46.9299999999348,5.79000000003725,10.86
45.5300000000279,6.5,10.43
47.7800000000279,5.12999999988824,28.67
44.9100000000326,6.78000000026077,13.98
44.1300000000047,7.21999999973923,10.01
46.0100000000093,6.05999999959022,26.35
45.4399999999441,6.38999999966472,23.3800000000001
42.7600000000093,7.91999999992549,9.73000000000002
45.2999999999302,6.37999999988824,29.3800000000001
43.0100000000093,7.70000000018626,17.7
41.4000000000233,8.62000000011176,9.47000000000003
43.9299999999348,7.08000000007451,29.0700000000001
43.3800000000047,7.38999999966472,26.28
40.0200000000186,9.32000000029802,9.19000000000005
41.4399999999441,8.41999999992549,23.05
41.3299999999581,8.40000000037253,29.05
39.8099999999395,9.28000000026077,21.3800000000001
37.3299999999581,10.6900000004098,8.91000000000003
40.0599999999395,9.04000000003725,29.27
39.0499999999302,9.62000000011176,24.15
36.9499999999534,10.820000000298,13.5700000000001
35.9699999999721,11.3899999996647,8.64000000000004
35.7900000000373,11.4000000003725,14.34
34.609999999986,12.089999999851,8.42000000000002
37.3099999999395,10.4500000001863,28.49
34.4299999999348,12.0999999996275,14.1300000000001
33.2099999999627,12.7900000000373,8.04000000000002
32.890000000014,12.8899999996647,13.02
31.859999999986,13.480000000447,7.84000000000003
34.3299999999581,12,26.66
30.4199999999255,14.2099999999627,7.34000000000003
33.2199999999721,12.5300000002608,27.71
29.0300000000279,14.9199999999255,7
32.0899999999674,13.0999999996275,28.59
31.4799999999814,13.4400000004098,25.6
27.6799999999348,15.6200000001118,6.81
30.7399999999907,13.7900000000373,28.3800000000001
26.3199999999488,16.3099999995902,6.63000000000005
29.0300000000279,14.679999999702,26.41
26.4699999999721,16.070000000298,20.25
25.7900000000373,16.4500000001863,16.97
26.6199999999953,15.9000000003725,27.3200000000001
25.0300000000279,16.2400000002235,26.47
27.4299999999348,15.019999999553,25.41
29.4100000000326,13.9699999997392,28.73
28.2099999999627,14.660000000149,22.81
27.4199999999255,15.1200000001118,18.95
24.890000000014,16.5599999995902,6.57000000000005
26.2199999999721,15.8700000001118,6.62
31.9899999999907,12.660000000149,28.61
31.2099999999627,13.0999999996275,24.8
27.5799999999581,15.179999999702,6.84000000000003
32.1799999999348,12.6299999998882,23.1300000000001
28.9199999999255,14.4900000002235,7
34.2299999999814,11.5499999998137,26.78
30.3099999999395,13.769999999553,7.41000000000003
35.6600000000326,10.7999999998137,27.43
31.7199999999721,13.0499999998137,7.85000000000002
37.1500000000233,10.0300000002608,28.39
34.2199999999721,11.6900000004098,13.76
33.0799999999581,12.3600000003353,8.04000000000002
38.3499999999767,9.42999999970198,27.86
35.5899999999674,11,14.05
34.4599999999627,11.6500000003725,8.37
39.7199999999721,8.71999999973923,28.24
36.8199999999488,10.3799999998882,13.64
35.8299999999581,10.9599999999627,8.62
41.0899999999674,8.01999999955297,28.53
39.9000000000233,8.69000000040978,22.59
37.1799999999348,10.25,8.85000000000002
41.7700000000186,7.70999999996275,25.42
41.3299999999581,7.95999999996275,23.15
40.0599999999395,8.70000000018626,16.72
38.5400000000373,9.55999999959022,9.01000000000005
43.7900000000373,6.62999999988824,29.08
40.8699999999953,8.30999999959022,14.23
39.9000000000233,8.86000000033528,9.31
45.2399999999907,5.88999999966472,29.85
44.1899999999441,6.48000000044703,24.51
41.25,8.16999999992549,9.48000000000002
45.1999999999534,5.99000000022352,23
42.5599999999395,7.5,9.55000000000001
46.7399999999907,5.17999999970198,24.26
43.9499999999534,6.79000000003725,9.93000000000001
48.1600000000326,4.45999999996275,24.77
45.3499999999767,6.05999999959022,10.39
46.7600000000093,5.34999999962747,10.83
48.0799999999581,4.66999999992549,10.97
47.5999999999767,2.62999999988824,11.47
48.2800000000279,2.15000000037253,21.74
46.2800000000279,3.29999999981374,11.42
46.8399999999674,2.88999999966472,21.06
44.9199999999255,3.99000000022352,11.22
43.5400000000373,4.70000000018626,10.8200000000001
45.8299999999581,3.29999999981374,29.21
42.1699999999255,5.40000000037253,10.52
44.5499999999302,3.95000000018626,29.34
40.7600000000093,6.12000000011176,10.03
43.25,4.61000000033528,29.39
39.4299999999348,6.79999999981374,9.97000000000003
42.0300000000279,5.21999999973923,29.76
41.0100000000093,5.80999999959022,24.61
38.0599999999395,7.5,9.68000000000001
36.7099999999627,8.17999999970198,9.46000000000004
39.2099999999627,6.66999999992549,28.56
35.359999999986,8.87999999988824,9.24000000000001
37.7299999999814,7.42999999970198,27.66
36.9100000000326,7.91999999992549,23.5
34.7999999999302,9.11000000033528,13
34,9.57000000029802,8.96000000000004
36.9000000000233,7.83000000007451,29.98
33.9699999999721,9.5,15.39
32.6199999999953,10.2800000002608,8.63000000000005
34.7900000000373,8.95999999996275,25.99
31.2399999999907,10.9699999997392,8.41000000000003
33.9100000000326,9.37000000011176,28.15
29.8699999999953,11.6699999999255,8.20000000000005
31.6999999999534,10.5400000000373,23.77
28.4799999999814,12.3899999996647,7.83000000000004
31.1799999999348,10.7599999997765,27.62
30.359999999986,11.230000000447,23.6
27.1199999999953,13.0800000000745,7.59000000000003
29.4100000000326,11.6900000004098,25.3200000000001
25.7700000000186,13.769999999553,7.41000000000003
28.8800000000047,11.910000000149,29.11
28.1300000000047,12.339999999851,25.41
27.0100000000093,12.9900000002235,19.89
24.4299999999348,14.4699999997392,7.26000000000005
27.3499999999767,12.7099999999627,27.91
26.2800000000279,13.3099999995902,22.74
23.109999999986,15.1299999998882,7.25
25.3399999999674,13.769999999553,24.48
24.5799999999581,14.1299999998882,27.12
23.2199999999721,14.910000000149,20.51
23.3199999999488,14.7599999997765,27.43
22.9199999999255,14.4500000001863,27.06
24.3699999999953,13.7099999999627,27.6900000000001
22.8299999999581,14.589999999851,20.21
25.8199999999488,12.9599999999627,28.36
27.1199999999953,12.2999999998137,28.23
26.1300000000047,12.8600000003353,23.42
22.8099999999395,14.7599999997765,7.27000000000004
28.4599999999627,11.6100000003353,28.4
25.4100000000326,13.3499999996275,13.45
24.1600000000326,14.0800000000745,7.29000000000002
28.7800000000279,11.5,23.5
25.5100000000093,13.3700000001118,7.44000000000005
30.890000000014,10.3799999998882,27.43
29.6300000000047,11.089999999851,21.21
26.8800000000047,12.6699999999255,7.63000000000005
32.5400000000373,9.50999999977648,29.1
28.2399999999907,11.980000000447,7.79000000000002
29.6300000000047,11.2599999997765,8.14000000000004
30.9799999999814,10.570000000298,8.27000000000004
36.609999999986,7.42999999970198,29.77
33.5899999999674,9.15000000037253,14.7
32.3699999999953,9.86000000033528,8.63000000000005
37.859999999986,6.79999999981374,29.52
37.2900000000373,7.12999999988824,26.64
36.3499999999767,7.66999999992549,21.95
33.7399999999907,9.15000000037253,8.90000000000003
39.0100000000093,6.21999999973923,28.76
35.1300000000047,8.45000000018626,9.26000000000005
36.4899999999907,7.74000000022352,9.44000000000005
40.7700000000186,5.37999999988824,24.35
37.8499999999767,7.04999999981374,9.62
43.0100000000093,4.17999999970198,29.03
39.25,6.33000000007451,9.94000000000005
40.5899999999674,5.65000000037253,9.99000000000001
45.640000000014,2.83000000007451,29.1
42.0100000000093,4.91999999992549,10.49
46.5,2.41999999992549,26.84
43.3800000000047,4.20999999996275,10.8800000000001
48.0200000000186,1.62999999988824,27.96
46.6699999999255,2.40000000037253,21
44.7600000000093,3.5,11.23
47.9100000000326,1.76999999955297,20.72
46.109999999986,2.82000000029802,11.37
47.4399999999441,2.12999999988824,11.49
44.6699999999255,1.29000000003725,11.65
43.3199999999488,1.98000000044703,11.43
41.9699999999721,2.67999999970198,11.1900000000001
40.5999999999767,3.37000000011176,10.96
39.2099999999627,4.08999999985099,10.62
40.25,3.40000000037253,22.62
39.6199999999953,3.75999999977648,19.4400000000001
37.8199999999488,4.79000000003725,10.33
40.5,3.16999999992549,30.48
39.6699999999255,3.63999999966472,26.34
36.4499999999534,5.49000000022352,10.0700000000001
39.0300000000279,3.92999999970198,29.62
37.2700000000186,4.94000000040978,20.83
35.0999999999767,6.19000000040978,9.86000000000001
37.6300000000047,4.65000000037253,29.1300000000001
36.1500000000233,5.5,21.6900000000001
35.5400000000373,5.84999999962747,18.67
33.7700000000186,6.86000000033528,9.75
36.3699999999953,5.29000000003725,29.33
35.3800000000047,5.86000000033528,24.3800000000001
32.390000000014,7.57000000029802,9.43000000000001
33.8399999999674,6.65000000037253,23.22
30.9899999999907,8.28000000026077,9.06
33.8099999999395,6.58000000007451,29.58
32.640000000014,7.16000000014901,30.3200000000001
32.0100000000093,7.53000000026077,27.17
29.2999999999302,9.08000000007451,13.74
28.2600000000093,9.67999999970198,8.58000000000004
31.1500000000233,7.92999999970198,29.43
30.3399999999674,8.40000000037253,25.42
29.7900000000373,8.70999999996275,22.72
26.8699999999953,10.3899999996647,8.26000000000005
29.3800000000047,8.87000000011176,27.17
28.5300000000279,9.34999999962747,23.02
25.5100000000093,11.0800000000745,8.12
28.4899999999907,9.29999999981374,29.22
27.4399999999441,9.88999999966472,24.11
26.1500000000233,10.6299999998882,17.8
24.1600000000326,11.769999999553,8.03000000000003
26.9699999999721,10.0800000000745,28.18
25.8199999999488,10.730000000447,22.64
24.9699999999721,11.2199999997392,18.49
22.8099999999395,12.4599999999627,7.92000000000002
26.0599999999395,10.519999999553,30.1300000000001
24.6500000000233,11.3300000000745,23.23
21.5100000000093,13.1200000001118,7.96000000000004
24.7299999999814,11.1900000004098,29.96
23.4799999999814,11.8300000000745,30.17
21.890000000014,12.7400000002235,22.47
22.0599999999395,12.5599999995902,29.62
21.6999999999534,12.2900000000373,29.24
24.1899999999441,11.0300000002608,28.5700000000001
23.5,11.429999999702,25.23
22.5899999999674,11.9500000001863,20.79
19.9299999999348,13.4699999997392,7.89000000000004
25.9100000000326,10.1299999998882,30.53
24.4499999999534,10.9699999997392,23.41
21.2700000000186,12.7800000002608,7.98000000000002
26.7700000000186,9.71999999973923,28.27
26.3199999999488,9.98000000044703,26.03
25.6199999999953,10.3799999998882,22.72
22.5999999999767,12.1100000003353,7.97000000000003
25.8699999999953,10.320000000298,17.41
27.9399999999441,9.20999999996275,21.08
26.1500000000233,10.2400000002235,12.27
25.3099999999395,10.7099999999627,8.17000000000002
31.140000000014,7.45999999996275,30.37
26.6600000000326,10.019999999553,8.27000000000004
32.4100000000326,6.82000000029802,30.16
31.6799999999348,7.23000000044703,26.56
31.1899999999441,7.50999999977648,24.15
28.0400000000373,9.32000000029802,8.54000000000002
33.6300000000047,6.19000000040978,29.72
32.4000000000233,6.90000000037253,23.64
29.4100000000326,8.61000000033528,8.80000000000001
35.0699999999488,5.45999999996275,30.42
33.4100000000326,6.40000000037253,22.1300000000001
30.7800000000279,7.91000000014901,9.10000000000002
35.2800000000279,5.42999999970198,24.95
32.1699999999255,7.20000000018626,9.43000000000001
37.5400000000373,4.20000000018626,29.71
35.8399999999674,5.19000000040978,21.17
33.5599999999395,6.49000000022352,9.75
38.7700000000186,3.58000000007451,29.3
34.9199999999255,5.79000000003725,9.98000000000002
39.7800000000279,3.08000000007451,27.83
39.0499999999302,3.5,24.12
36.2800000000279,5.08999999985099,10.14
40.0499999999302,3.00999999977648,22.51
37.6600000000326,4.37999999988824,10.42
42.1799999999348,1.87000000011176,26.65
40.9399999999441,2.58999999985099,20.31
39.9299999999348,3.16999999992549,15.2
39.0200000000186,3.69000000040978,10.54
40.4000000000233,2.98000000044703,10.8800000000001
42.2299999999814,2.01999999955297,13.51
41.7700000000186,2.28000000026077,11.15
43.1199999999953,1.58000000007451,11.37
38.6500000000233,1.61000000033528,11.1300000000001
37.3099999999395,2.29000000003725,10.98
38.4100000000326,1.58000000007451,23.17
37.2999999999302,2.20999999996275,17.55
35.9399999999441,2.99000000022352,10.6900000000001
35.4799999999814,3.16999999992549,14.93
34.609999999986,3.67999999970198,10.54
37.1799999999348,2.11000000033528,30.01
36.359999999986,2.58999999985099,25.9
34.5999999999767,3.58999999985099,17.1
33.25,4.36000000033528,10.3200000000001
32,5,10.65
34.5499999999302,3.45000000018626,29.96
33.1699999999255,4.24000000022352,23.05
31.7900000000373,5.01999999955297,16.2
30.5,5.76999999955297,9.76000000000005
33.359999999986,4.03000000026077,30.55
31.1300000000047,5.32000000029802,19.45
29.1199999999953,6.46999999973923,9.47000000000003
30.640000000014,5.50999999977648,23.52
30.0400000000373,5.86000000033528,20.54
27.7399999999907,7.17999999970198,9.18000000000001
30.0200000000186,5.79000000003725,26.8800000000001
29.140000000014,6.29000000003725,22.56
26.4199999999255,7.84999999962747,9.11000000000001
29.359999999986,6.08000000007451,30.05
26.1500000000233,7.92999999970198,14.2
25.0699999999488,8.54000000003725,8.90000000000003
27.359999999986,7.15000000037253,26.56
24.6899999999441,8.66999999992549,13.54
23.7199999999721,9.23000000044703,8.75
26.7099999999627,7.44000000040978,29.78
25.8699999999953,7.91000000014901,25.73
24.5200000000186,8.69000000040978,19.16
22.3800000000047,9.91999999992549,8.68000000000001
25.3299999999581,8.13999999966472,29.46
23.3099999999395,9.29999999981374,19.6
21.0499999999302,10.5999999996275,8.62
23.9100000000326,8.87000000011176,28.9400000000001
22.5300000000279,9.66000000014901,22.24
22.6999999999534,9.46999999973923,29.47
22,9.88999999966472,26.05
18.4000000000233,11.9500000001863,8.59000000000003
21.2399999999907,10.230000000447,28.7
19.9799999999814,10.8799999998882,28.96
18.5100000000093,11.7099999999627,21.9
18.6699999999255,11.5300000002608,29.03
18.140000000014,11.3099999995902,28.23
19.6699999999255,10.5300000002608,29.24
20.9799999999814,9.84999999962747,29.25
19.4599999999627,10.7199999997392,21.91
22.1500000000233,9.25,28.58
23.2600000000093,8.70000000018626,27.58
22.2600000000093,9.28000000026077,22.6900000000001
19.3699999999953,10.929999999702,8.71000000000004
24.8699999999953,7.86000000033528,28.97
20.6999999999534,10.2599999997765,8.68000000000001
25.6300000000047,7.50999999977648,26.22
24.1600000000326,8.34999999962747,19.0700000000001
22.0400000000373,9.57000000029802,8.73000000000002
27.7900000000373,6.36000000033528,30.29
27.0200000000186,6.79999999981374,26.51
26.4399999999441,7.12999999988824,23.68
23.4100000000326,8.87000000011176,8.90000000000003
24.75,8.17999999970198,8.88000000000005
30.4199999999255,5.00999999977648,30.3
29.7700000000186,5.37999999988824,27.11
26.140000000014,7.46999999973923,9.18000000000001
31.6300000000047,4.40000000037253,29.79
30.6300000000047,4.96999999973923,24.86
27.4899999999907,6.78000000026077,9.31
32.8499999999767,3.78000000026077,29.3800000000001
31.2199999999721,4.71999999973923,21.26
28.8499999999767,6.08000000007451,9.51000000000005
34.2099999999627,3.08999999985099,29.62
32.3099999999395,4.16999999992549,20.18
31.3699999999953,4.71999999973923,15.52
30.2199999999721,5.37999999988824,9.76000000000005
35.6300000000047,2.34999999962747,30.22
33.5599999999395,3.54000000003725,19.84
31.640000000014,4.63999999966472,10.28
36.9199999999255,1.70000000018626,30.1300000000001
36.1699999999255,2.13999999966472,26.35
32.9899999999907,3.95000000018626,10.42
37.5499999999302,1.41999999992549,26.68
35.25,2.74000000022352,15.14
34.3399999999674,3.26999999955297,10.54
35.6999999999534,2.57000000029802,10.6900000000001
38.0599999999395,1.29999999981374,15.96
37.0599999999395,1.87000000011176,10.89
33.1300000000047,1.65000000037253,11.1
32.9100000000326,1.67999999970198,16.6
31.75,2.34999999962747,10.85
33.2600000000093,1.40000000037253,24.89
30.4000000000233,3.04000000003725,10.6900000000001
32.9299999999348,1.5,29.77
32.0899999999674,1.98000000044703,25.6300000000001
31.5300000000279,2.29999999981374,22.83
28.9899999999907,3.75999999977648,10.1900000000001
31.0400000000373,2.5,26.8800000000001
30.4499999999534,2.83000000007451,23.97
27.6300000000047,4.45999999996275,9.96000000000004
30.1300000000047,2.94000000040978,28.8200000000001
29.3499999999767,3.38999999966472,24.98
26.2700000000186,5.15000000037253,9.78000000000003
24.9299999999348,5.83999999985099,9.64000000000004
23.5599999999395,6.53000000026077,9.44000000000005
26.5899999999674,4.71999999973923,30.64
22.2199999999721,7.23000000044703,9.34000000000003
25.2800000000279,5.37999999988824,30.64
20.8800000000047,7.91000000014901,9.25
23.8199999999488,6.13999999966472,29.91
19.5499999999302,8.58999999985099,9.19000000000005
22.4899999999907,6.80999999959022,29.8200000000001
20.4699999999721,7.98000000044703,20.04
18.2299999999814,9.25999999977648,9.17000000000002
20.7600000000093,7.73000000044703,27.81
19.359999999986,8.53000000026077,21.05
19.0100000000093,8.63999999966472,25.72
18.2900000000373,9.04999999981374,22.27
18.4399999999441,8.88999999966472,29.3
18.2800000000279,8.41999999992549,30.37
18.7399999999907,8.24000000022352,26.26
20.2199999999721,7.48000000044703,26.98
19.4299999999348,7.92999999970198,23.21
18.9499999999534,8.20000000018626,20.8800000000001
22.0499999999302,6.5,29.47
20.1600000000326,7.58999999985099,20.3200000000001
21.2999999999302,7.01999999955297,19.43
19.1799999999348,8.23000000044703,9.18000000000001
22.5400000000373,6.38999999966472,19.0700000000001
20.5300000000279,7.54000000003725,9.29000000000002
21.8499999999767,6.87000000011176,9.26000000000005
27.3399999999674,3.79999999981374,29.61
23.2099999999627,6.16000000014901,9.42000000000002
24.5799999999581,5.45999999996275,9.64000000000004
29.859999999986,2.50999999977648,29.18
25.9100000000326,4.78000000026077,9.67000000000002
27.2600000000093,4.08999999985099,9.80000000000001
31.8699999999953,1.51999999955297,26.18
28.640000000014,3.37999999988824,10.1
30.0599999999395,2.65000000037253,10.5700000000001
31.4599999999627,1.91999999992549,11.01
27.0499999999302,1.91999999992549,10.8200000000001
25.640000000014,2.63999999966472,10.37
24.2700000000186,3.33999999985099,10.1900000000001
26.8499999999767,1.78000000026077,29.29
22.9000000000233,4.03000000026077,10
25.4499999999534,2.49000000022352,28.9400000000001
21.5499999999302,4.74000000022352,9.88000000000005
23.9100000000326,3.29000000003725,27.79
22.4299999999348,4.15000000037253,20.58
23.1199999999953,3.66000000014901,30.33
22.0899999999674,4.25999999977648,25.3
18.8800000000047,6.09999999962747,9.69000000000005
21.6199999999953,4.42999999970198,29.42
20.3299999999581,5.17999999970198,23.16
20.2900000000373,5.12000000011176,29.3200000000001
19.4599999999627,5.59999999962747,25.3
18.75,6,21.87
18.9599999999627,5.79000000003725,29.24
20,4.70000000018626,29.24
21.4699999999721,3.94000000040978,30
20.1699999999255,4.69000000040978,23.71
22.859999999986,3.21999999973923,30.41
21.8699999999953,3.79000000003725,25.6
20.890000000014,4.36000000033528,20.83
18.5999999999767,5.66999999992549,9.71000000000004
24.25,2.5,30.79
22.6799999999348,3.41000000014901,23.11
19.9299999999348,4.99000000022352,9.76000000000005
25.5400000000373,1.84999999962747,30.68
24.9499999999534,2.17999999970198,27.81
21.2900000000373,4.29000000003725,9.93000000000001
22.6300000000047,3.58999999985099,10.02
24,2.90000000037253,10.2
25.390000000014,2.19000000040978,10.46
26.7700000000186,1.48000000044703,10.76
22.4799999999814,1.41999999992549,10.68
21.140000000014,2.12000000011176,10.53
21.3299999999581,1.91999999992549,17.84
19.7800000000279,2.80999999959022,10.35
21.2600000000093,1.87999999988824,23.85
18.4399999999441,3.5,10.15
21.2399999999907,1.79000000003725,30.11
20.5300000000279,2.20999999996275,26.67
18.6300000000047,3.29999999981374,17.42
19.8699999999953,2.5,29.81
19.3099999999395,2.82000000029802,27.11
18.1699999999255,3.38999999966472,27.97
19.1600000000326,2.30999999959022,27.35
21.0100000000093,1.32000000029802,29.9400000000001
19.1799999999348,2.37000000011176,21.1
18.4199999999255,2.80999999959022,17.39
18.2600000000093,2.99000000022352,10.1900000000001
19.609999999986,2.29999999981374,10.3
20.9899999999907,1.58999999985099,10.6300000000001
18.7700000000186,2.12000000011176,10.47
20.3199999999488,2.04999999981374,10.46
18.5200000000186,2.25,21.97
21.8299999999581,1.98000000044703,10.53
19.9000000000233,2.19000000040978,22.51
21.7099999999627,2.04999999981374,16.28
23.3699999999953,1.91000000014901,10.58
22.2399999999907,2.05999999959022,19.77
24.9000000000233,1.83999999985099,10.62
20.9699999999721,2.20999999996275,29.42
21.6999999999534,2.15000000037253,26.9
22.9699999999721,2.04999999981374,22.52
26.4100000000326,1.76999999955297,10.7
22.1999999999534,2.16000000014901,30.41
23.6899999999441,2.04999999981374,25.3
27.8699999999953,1.70999999996275,11
23.9299999999348,2.07000000029802,29.66
24.5200000000186,2.03000000026077,27.65
29.3399999999674,1.63999999966472,11.18
25.0899999999674,2.03000000026077,30.85
25.7999999999302,1.98000000044703,28.4400000000001
30.8399999999674,1.58000000007451,11.28
27.4699999999721,1.90000000037253,27.91
32.4399999999441,1.5,11.08
28.6199999999953,1.86000000033528,29.23
33.9799999999814,1.42999999970198,11.04
30.1799999999348,1.79000000003725,29.11
32.1999999999534,1.62999999988824,22.26
33.9699999999721,1.49000000022352,16.26
35.5200000000186,1.36000000033528,11.04
32.1300000000047,1.69000000040978,27.65
32.7600000000093,1.63999999966472,25.51
37.0499999999302,1.29000000003725,11.08
33.0400000000373,1.66000000014901,29.74
38.5599999999395,1.23000000044703,11.17
34.390000000014,1.61000000033528,30.34
36.4499999999534,1.45000000018626,23.48
38.8800000000047,1.25999999977648,15.3
40.0799999999581,1.16000000014901,11.25
37.25,1.44000000040978,25.92
41.5799999999581,1.08999999985099,11.45
38.2399999999907,1.41000000014901,27.71
43.0400000000373,1.03000000026077,11.73
39.109999999986,1.38999999966472,29.92
40.7999999999302,1.25999999977648,24.29
44.609999999986,0.959999999962747,11.6300000000001
41.1300000000047,1.28000000026077,28.27
46.0999999999767,0.889999999664724,11.78
42.4799999999814,1.23000000044703,28.81
47.640000000014,0.820000000298023,11.75
46.3800000000047,0.980000000447035,20.96
47.5699999999488,0.879999999888241,17.05
49.1600000000326,0.75,11.8
46.109999999986,1.04999999981374,26.91
48.0599999999395,0.889999999664724,20.45
47.6999999999534,0.96999999973923,26.74
48.7099999999627,0.900000000372529,23.42
48.8099999999395,0.940000000409782,28.14
46.0599999999395,1.29000000003725,28.1300000000001
46.9000000000233,1.21999999973923,25.36
48.1699999999255,1.12999999988824,21.18
44.7099999999627,1.33999999985099,27.62
47.4299999999348,1.12999999988824,18.65
43.359999999986,1.40000000037253,27.1300000000001
48.0200000000186,1.03000000026077,11.68
42.0200000000186,1.45999999996275,26.54
46.5100000000093,1.09999999962747,11.65
41.109999999986,1.49000000022352,24.5700000000001
45.0300000000279,1.16999999992549,11.55
38.4100000000326,1.65000000037253,28.59
42.8800000000047,1.29999999981374,13.6900000000001
43.5599999999395,1.24000000022352,11.4
36.9899999999907,1.70999999996275,28.33
38.5499999999302,1.59999999962747,23.1
39.2999999999302,1.54000000003725,20.5700000000001
42.0699999999488,1.30999999959022,11.34
36.4399999999441,1.70999999996275,25.15
40.5999999999767,1.37999999988824,11.17
33.640000000014,1.87999999988824,29.4400000000001
39.109999999986,1.45000000018626,11.0700000000001
32.4299999999348,1.92999999970198,28.47
33.109999999986,1.87999999988824,26.18
37.6199999999953,1.51999999955297,10.99
30.5899999999674,2.01999999955297,29.5700000000001
34.6799999999348,1.70999999996275,15.8
36.1199999999953,1.58999999985099,10.92
29.25,2.08000000007451,29.01
34.5899999999674,1.66000000014901,10.95
27.5999999999767,2.16000000014901,29.45
33.0699999999488,1.73000000044703,10.8800000000001
31.5300000000279,1.79999999981374,10.93
24.1699999999255,2.33999999985099,30.85
30.0100000000093,1.87000000011176,10.93
23.3699999999953,2.34999999962747,28.43
28.5300000000279,1.94000000040978,10.78
21.4299999999348,2.45999999996275,29.92
23.1799999999348,2.32000000029802,23.92
27.0699999999488,2.00999999977648,10.58
20.109999999986,2.50999999977648,29.2
21.3499999999767,2.41999999992549,24.96
22.2199999999721,2.34999999962747,21.98
25.5699999999488,2.08000000007451,10.4400000000001
19.0899999999674,2.54999999981374,27.46
21.640000000014,2.34999999962747,18.7
24.0300000000279,2.15000000037253,10.4400000000001
21.1799999999348,2.33000000007451,15.01
22.5100000000093,2.21999999973923,10.41
18.9799999999814,2.45999999996275,17.35
21.0100000000093,2.29000000003725,10.3200000000001
19.4799999999814,2.36000000033528,10.34
21.0100000000093,4.62999999988824,9.91000000000003
20.609999999986,4.73000000044703,16.64
22.5400000000373,4.55999999959022,9.93000000000001
18.4199999999255,4.95000000018626,29.51
21.4299999999348,4.71999999973923,19.11
24.1300000000047,4.49000000022352,9.80000000000001
20.5999999999767,4.83000000007451,27.22
25.6500000000233,4.41999999992549,9.86000000000001
27.2299999999814,4.34999999962747,9.71000000000004
22.8099999999395,4.75999999977648,30.11
28.6999999999534,4.29000000003725,9.93000000000001
30.1799999999348,4.21999999973923,10.09
25.8299999999581,4.62000000011176,30.11
26.5200000000186,4.57000000029802,27.73
31.6300000000047,4.16000000014901,10.3200000000001
27.4899999999907,4.54000000003725,29.61
33.1300000000047,4.08999999985099,10.46
31.0599999999395,4.32000000029802,22.6900000000001
34.6899999999441,4.01999999955297,10.4
30.609999999986,4.40000000037253,29.39
36.2299999999814,3.95000000018626,10.41
31.9399999999441,4.33999999985099,30.05
34.0599999999395,4.17999999970198,22.9
36.3299999999581,4,15.25
37.7299999999814,3.87999999988824,10.52
37.0699999999488,3.99000000022352,17.9400000000001
39.2399999999907,3.82000000029802,10.66
37.7099999999627,4,20.9400000000001
40.7600000000093,3.75,10.7
38.6199999999953,3.98000000044703,23.02
39.6899999999441,3.90000000037253,19.4400000000001
42.2299999999814,3.69000000040978,10.97
38.1600000000326,4.05999999959022,29.67
40.0300000000279,3.91999999992549,23.42
43.7199999999721,3.62000000011176,11.11
39.8299999999581,3.98000000044703,29.17
40.9799999999814,3.88999999966472,25.34
45.2099999999627,3.54999999981374,11.26
41.1300000000047,3.92999999970198,29.92
46.7399999999907,3.49000000022352,11.31
43.4699999999721,3.79999999981374,27.25
48.2600000000093,3.41999999992549,11.37
44.3099999999395,3.78000000026077,29.53
45.2600000000093,3.70999999996275,26.41
45.9399999999441,3.70000000018626,29.23
47.6899999999441,3.62000000011176,28.51
48.609999999986,3.86000000033528,26.77
46.9899999999907,3.94000000040978,27.1300000000001
44.7999999999302,4.05999999959022,29.41
43.3099999999395,4.12999999988824,29.4
44.3699999999953,4.04999999981374,25.8800000000001
47.2800000000279,3.76999999955297,11.22
40.1500000000233,4.28000000026077,29.87
45.7800000000279,3.83999999985099,11.14
44.3199999999488,3.91000000014901,10.96
37.5300000000279,4.40000000037253,28.5700000000001
39.0699999999488,4.28000000026077,23.41
42.8199999999488,3.98000000044703,10.91
35.6300000000047,4.5,29.8800000000001
38.3499999999767,4.29000000003725,20.78
41.3399999999674,4.04999999981374,10.75
39.9199999999255,4.11000000033528,10.4400000000001
32.4799999999814,4.65000000037253,30.39
36.2399999999907,4.34999999962747,17.74
38.390000000014,4.17999999970198,10.46
31.0599999999395,4.70999999996275,30.11
33.2099999999627,4.54999999981374,22.83
35.4199999999255,4.37000000011176,15.37
36.9199999999255,4.25,10.3
29.7199999999721,4.76999999955297,29.54
35.4000000000233,4.32000000029802,10.33
28.1199999999953,4.84999999962747,29.85
30.7199999999721,4.65000000037253,21.04
26.4499999999534,4.92999999970198,30.42
32.3499999999767,4.45999999996275,10.3800000000001
25.3099999999395,4.96999999973923,29.18
30.9100000000326,4.53000000026077,10.1
23.6699999999255,5.05999999959022,29.65
29.4499999999534,4.59999999962747,9.87
22.6899999999441,5.08999999985099,27.81
27.9499999999534,4.66000000014901,9.78000000000003
20.6799999999348,5.19000000040978,29.49
26.4599999999627,4.73000000044703,9.63000000000005
19.4699999999721,5.24000000022352,28.48
20.1899999999441,5.19000000040978,25.97
21.2600000000093,5.11000000033528,22.33
24.9399999999441,4.80999999959022,9.64000000000004
23.3699999999953,4.87999999988824,9.75
18.5499999999302,5.21999999973923,21.17
21.8399999999674,4.95000000018626,9.79000000000002
20.3499999999767,5.01999999955297,9.66000000000003
18.7600000000093,5.09999999962747,9.83000000000004
18.8800000000047,7.45999999996275,9.42000000000002
20.4599999999627,7.38999999966472,9.26000000000005
18.4699999999721,7.61000000033528,21.5
22.0100000000093,7.32000000029802,9.22000000000003
18.5999999999767,7.65000000037253,26.36
20.1699999999255,7.53000000026077,20.9400000000001
23.5799999999581,7.25,9.15000000000003
19.9899999999907,7.58999999985099,26.83
25.109999999986,7.17999999970198,9.17000000000002
22.75,7.42999999970198,22.59
23.7900000000373,7.34999999962747,19.04
26.640000000014,7.11000000033528,9.19000000000005
22.4899999999907,7.49000000022352,28.7
28.1999999999534,7.04000000003725,9.12
23.9299999999348,7.42999999970198,28.92
29.6500000000233,6.96999999973923,9.33000000000004
26.2099999999627,7.29999999981374,26.29
31.1699999999255,6.91000000014901,9.37
26.5999999999767,7.32000000029802,30.14
28.75,7.16000000014901,22.83
32.6500000000233,6.83999999985099,9.57000000000005
28.5300000000279,7.21999999973923,28.8
30.9499999999534,7.04000000003725,20.56
34.140000000014,6.78000000026077,9.70000000000005
31.2900000000373,7.05999999959022,24.6300000000001
35.6799999999348,6.70999999996275,9.78000000000003
31.5599999999395,7.08999999985099,28.8800000000001
32.3299999999581,7.03000000026077,26.28
37.2099999999627,6.63999999966472,9.80000000000001
32.8399999999674,7.04000000003725,29.74
34.4899999999907,6.91000000014901,24.16
35.859999999986,6.80999999959022,19.59
38.7600000000093,6.57000000029802,9.77000000000004
36.7999999999302,6.78000000026077,21.55
40.2199999999721,6.50999999977648,10.05
36.7199999999721,6.83999999985099,26.92
41.8199999999488,6.42999999970198,9.85000000000002
37.3499999999767,6.83999999985099,29.89
38.0699999999488,6.78000000026077,27.5
43.3199999999488,6.36000000033528,9.92000000000002
38.8800000000047,6.75999999977648,29.84
44.7800000000279,6.29999999981374,10.17
41.390000000014,6.62000000011176,26.5700000000001
46.2299999999814,6.24000000022352,10.47
45.140000000014,6.38999999966472,19.23
47.6500000000233,6.17999999970198,10.87
43.5100000000093,6.55999999959022,29.71
44.609999999986,6.46999999973923,26.0700000000001
49.1500000000233,6.11000000033528,11.03
46.859999999986,6.40000000037253,28.77
48.6199999999953,6.58000000007451,29.28
47.2399999999907,6.63999999966472,28.93
44.1999999999534,6.78000000026077,29.08
45.7999999999302,6.66000000014901,23.77
42.9299999999348,6.83999999985099,28.31
43.8299999999581,6.76999999955297,25.34
44.9499999999534,6.67999999970198,21.6300000000001
48.2099999999627,6.41999999992549,10.79
41.1899999999441,6.91999999992549,29.1
44.7299999999814,6.65000000037253,17.35
46.7600000000093,6.49000000022352,10.62
39.7099999999627,6.99000000022352,29.05
40.7800000000279,6.91000000014901,25.48
45.3499999999767,6.54999999981374,10.26
43.9299999999348,6.61000000033528,9.93000000000001
36.7099999999627,7.12999999988824,29.02
37.390000000014,7.08000000007451,26.73
42.4499999999534,6.67999999970198,9.80000000000001
36.9699999999721,7.07000000029802,23.08
40.8800000000047,6.75,9.92000000000002
33.390000000014,7.29999999981374,30.02
39.4000000000233,6.82000000029802,9.81
32.3299999999581,7.33000000007451,28.53
33.7700000000186,7.21999999973923,23.67
30.4499999999534,7.42999999970198,29.78
31.3099999999395,7.37000000011176,26.87
36.4000000000233,6.95999999996275,9.66000000000003
30.2700000000186,7.40000000037253,25.29
34.890000000014,7.03000000026077,9.60000000000002
33.4100000000326,7.09999999962747,9.43000000000001
25.75,7.66000000014901,30.34
27.9599999999627,7.49000000022352,22.78
31.9100000000326,7.16999999992549,9.31
24.6899999999441,7.69000000040978,28.83
25.890000000014,7.59999999962747,24.72
30.4100000000326,7.24000000022352,9.25
23.3499999999767,7.75,28.22
28.9199999999255,7.30999999959022,9.11000000000001
23.6799999999348,7.67999999970198,21.83
24.4499999999534,7.62000000011176,19.2
27.4199999999255,7.37000000011176,9.01000000000005
23.0200000000186,7.67999999970198,18.8800000000001
24.4599999999627,7.57000000029802,13.92
18.3499999999767,8,29.78
21.2800000000279,7.76999999955297,19.67
24.3399999999674,7.51999999955297,9.06
22.8099999999395,7.58999999985099,9.09000000000003
21.2800000000279,7.66000000014901,9.11000000000001
19.7099999999627,7.74000000022352,9.22000000000003
18.1500000000233,7.80999999959022,9.34000000000003
18.2600000000093,10.2400000002235,9.03000000000003
19.859999999986,10.160000000149,8.80000000000001
21.4199999999255,10.089999999851,8.70000000000005
19.140000000014,10.339999999851,21.95
22.9899999999907,10.019999999553,8.61000000000001
24.5499999999302,9.95000000018626,8.51000000000005
19.8399999999674,10.3799999998882,30.08
23.0499999999302,10.1299999998882,19.01
26.109999999986,9.87999999988824,8.45000000000005
21.7999999999302,10.2800000002608,28.58
23.5899999999674,10.1399999996647,22.42
27.6500000000233,9.80999999959022,8.44000000000005
23.0300000000279,10.230000000447,29.56
24.9399999999441,10.089999999851,22.98
29.1300000000047,9.75,8.59000000000003
24.4699999999721,10.1699999999255,29.77
25.5200000000186,10.089999999851,26.1900000000001
30.640000000014,9.67999999970198,8.67000000000002
25.7800000000279,10.1200000001118,30.49
29.7199999999721,9.82000000029802,17.04
32.1500000000233,9.61000000033528,8.72000000000003
27.2399999999907,10.0499999998137,30.73
28.7299999999814,9.94000000040978,25.6900000000001
30.859999999986,9.78000000026077,18.4
33.6799999999348,9.54999999981374,8.79000000000002
29.4199999999255,9.94000000040978,28.49
33.4799999999814,9.62000000011176,14.68
35.1600000000326,9.48000000044703,9.01000000000005
30.8099999999395,9.87999999988824,28.96
34.8499999999767,9.55999999959022,15.26
35.7099999999627,9.49000000022352,12.37
36.640000000014,9.41999999992549,9.23000000000002
32.3699999999953,9.80999999959022,28.86
37.0200000000186,9.45000000018626,13.14
38.1500000000233,9.34999999962747,9.32000000000005
39.6899999999441,9.28000000026077,9.31
35.5,9.66000000014901,28.55
41.2099999999627,9.20999999996275,9.34000000000003
40.5400000000373,9.32000000029802,16.74
42.7399999999907,9.13999999966472,9.37
38.4199999999255,9.54000000003725,28.96
40.1300000000047,9.41000000014901,23.23
40.6799999999348,9.37000000011176,21.39
44.2199999999721,9.08000000007451,9.56
40.359999999986,9.44000000040978,27.55
45.6500000000233,9.01999999955297,9.89000000000004
41.6799999999348,9.38999999966472,28.25
44.609999999986,9.16000000014901,18.5
47.0400000000373,8.95999999996275,10.41
48.5,8.90000000037253,10.6900000000001
44.6899999999441,9.25,28.43
47.8699999999953,9,17.89
48.5300000000279,9.00999999977648,20.81
48.3499999999767,9.32000000029802,23.1900000000001
45.2600000000093,9.50999999977648,28.42
47.7099999999627,9.33000000007451,20.31
47.25,9.30999999959022,16.78
49.1199999999953,9.16000000014901,10.5700000000001
42.75,9.61000000033528,26.6900000000001
47.5799999999581,9.23000000044703,10.65
41.3099999999395,9.67999999970198,26.51
44.3499999999767,9.44000000040978,16.37
46.2900000000373,9.28000000026077,9.90000000000003
40.5599999999395,9.69000000040978,24
44.8399999999674,9.34999999962747,9.69000000000005
37.8399999999674,9.84999999962747,28.0700000000001
43.4599999999627,9.41000000014901,9.24000000000001
41.9599999999627,9.48000000044703,9.19000000000005
34.6500000000233,10.0099999997765,28.65
40.4499999999534,9.54999999981374,9.13000000000005
37.9599999999627,9.69000000040978,12.3800000000001
38.9199999999255,9.62000000011176,9.14000000000004
36.1199999999953,9.79999999981374,13.47
37.4199999999255,9.69000000040978,9.08000000000004
30.5699999999488,10.179999999702,27.12
34.1500000000233,9.90000000037253,14.97
34.9799999999814,9.83000000007451,12.17
35.9299999999348,9.75999999977648,8.98000000000002
29.9499999999534,10.179999999702,24.09
30.6999999999534,10.1299999998882,21.55
31.5899999999674,10.0599999995902,18.51
34.4699999999721,9.82000000029802,8.73000000000002
26.609999999986,10.3899999996647,30.28
28.0400000000373,10.2800000002608,25.39
29.9799999999814,10.1399999996647,18.83
32.9799999999814,9.88999999966472,8.58000000000004
25.4799999999814,10.429999999702,28.98
28.4599999999627,10.2099999999627,18.8200000000001
31.4599999999627,9.95999999996275,8.54000000000002
23.5,10.5400000000373,30.62
25.1899999999441,10.410000000149,24.83
29.9599999999627,10.0300000002608,8.48000000000002
22.8499999999767,10.5499999998137,27.6900000000001
24.4499999999534,10.4199999999255,22.16
28.4599999999627,10.0999999996275,8.39000000000004
21.4899999999907,10.6100000003353,27.16
22.9399999999441,10.4900000002235,22.14
24.5300000000279,10.3700000001118,16.67
26.9899999999907,10.160000000149,8.18000000000001
19.2600000000093,10.730000000447,29.61
22.4199999999255,10.4900000002235,18.71
23.3499999999767,10.4199999999255,15.5
25.4599999999627,10.2400000002235,8.20000000000005
23.0200000000186,10.3899999996647,11.36
23.859999999986,10.3099999995902,8.42000000000002
18.4699999999721,10.7000000001863,21.8200000000001
22.3199999999488,10.3799999998882,8.44000000000005
20.7700000000186,10.4599999999627,8.56
19.1999999999534,10.5300000002608,8.65000000000003
19.0400000000373,12.9599999999627,8.27000000000004
20.6199999999953,12.8799999998882,8.11000000000001
22.1899999999441,12.8099999995902,8.03000000000003
23.7800000000279,12.7400000002235,7.84000000000003
25.3299999999581,12.6699999999255,7.80000000000001
21.25,13.0499999998137,27.16
22.5599999999395,12.9500000001863,22.68
23.6699999999255,12.8700000001118,18.84
26.9000000000233,12.5999999996275,7.67000000000002
22.7199999999721,12.9900000002235,27.34
24.0599999999395,12.8899999996647,22.73
25.0899999999674,12.8099999995902,19.17
28.4499999999534,12.5300000002608,7.62
23.8099999999395,12.9500000001863,28.76
29.9199999999255,12.4699999997392,7.79000000000002
25.0499999999302,12.910000000149,29.68
31.3800000000047,12.4000000003725,8.01000000000005
27.4000000000233,12.769999999553,26.86
32.890000000014,12.339999999851,8.13000000000005
28.3699999999953,12.75,28.77
29.9699999999721,12.6299999998882,23.34
34.3800000000047,12.269999999553,8.30000000000001
29.6899999999441,12.7000000001863,29.55
30.6300000000047,12.6299999998882,26.34
35.8699999999953,12.2099999999627,8.53000000000003
31.3399999999674,12.6200000001118,29.1300000000001
32.5499999999302,12.5300000002608,25.03
35.6799999999348,12.2800000002608,14.43
37.4399999999441,12.1399999996647,8.48000000000002
33.2999999999302,12.519999999553,27.6300000000001
38.9499999999534,12.070000000298,8.55000000000001
34.9399999999441,12.4400000004098,27.23
37.3099999999395,12.2599999997765,19.27
39.1500000000233,12.1100000003353,13.05
40.5,12,8.49000000000001
38.6199999999953,12.2099999999627,19.9400000000001
41.9799999999814,11.9400000004098,8.69000000000005
37.8699999999953,12.3099999995902,27.5700000000001
43.5,11.8700000001118,8.70000000000005
39.5799999999581,12.230000000447,26.97
40.75,12.1399999996647,23.02
45.0300000000279,11.7999999998137,8.73000000000002
41.1799999999348,12.160000000149,26.72
43.5499999999302,11.980000000447,18.81
46.2299999999814,11.7599999997765,9.85000000000002
42.9499999999534,12.070000000298,25.8800000000001
44.3099999999395,11.9699999997392,21.39
47.5999999999767,11.7000000001863,10.4400000000001
44.6699999999255,11.9900000002235,25.28
49.1899999999441,11.6299999998882,10.26
45.9699999999721,11.9400000004098,26.06
46.8099999999395,11.8799999998882,23.26
48.2600000000093,11.8099999995902,23.56
48.75,11.820000000298,26.98
49.0300000000279,12.0099999997765,22.8
47.0999999999767,12.1100000003353,24.18
45.140000000014,12.2199999997392,25.71
46.0999999999767,12.1399999996647,22.5
44.6199999999953,12.2099999999627,22.43
48.3299999999581,11.910000000149,10.1
42.0499999999302,12.3600000003353,25.95
43.8699999999953,12.2199999997392,19.9
46.75,11.9900000002235,10.29
42.8299999999581,12.2599999997765,18.35
45.7199999999721,12.019999999553,8.66000000000003
38.7800000000279,12.519999999553,26.83
44.2199999999721,12.089999999851,8.60000000000002
42.7199999999721,12.160000000149,8.52000000000004
37.9199999999255,12.4900000002235,19.5
39.9799999999814,12.320000000298,12.5700000000001
41.1899999999441,12.230000000447,8.49000000000001
33.9399999999441,12.75,27.77
36.2299999999814,12.5800000000745,20.1
39.6699999999255,12.2999999998137,8.45000000000005
38.1699999999255,12.3600000003353,8.35000000000002
30.5599999999395,12.9199999999255,28.99
32.1699999999255,12.7900000000373,23.51
34.9100000000326,12.5800000000745,14.1900000000001
36.6500000000233,12.429999999702,8.32000000000005
29,12.9900000002235,29.16
29.890000000014,12.9199999999255,26.12
33.5799999999581,12.6299999998882,13.56
35.1500000000233,12.5,8.24000000000001
27.7299999999814,13.0400000000373,28.3
28.4399999999441,12.9900000002235,25.9
29.140000000014,12.929999999702,23.53
33.6999999999534,12.570000000298,7.96000000000004
26.1199999999953,13.1200000001118,28.61
32.1600000000326,12.6399999996647,7.97000000000003
24.390000000014,13.2099999999627,29.37
25.9799999999814,13.0800000000745,23.89
30.6699999999255,12.7099999999627,7.82000000000005
23.4699999999721,13.230000000447,27.33
29.1999999999534,12.769999999553,7.61000000000001
23.2900000000373,13.2000000001863,22.68
24.3499999999767,13.1200000001118,19.04
27.6799999999348,12.839999999851,7.57000000000005
20.4899999999907,13.3700000001118,27.11
22.2700000000186,13.230000000447,21.01
24.609999999986,12.980000000447,7.64000000000004
23.0699999999488,13.0599999995902,7.72000000000003
21.5,13.1299999998882,7.90000000000003
23.4399999999441,15.4900000002235,7.17000000000002
25.0100000000093,15.410000000149,7.08000000000004
26.5899999999674,15.339999999851,6.91000000000003
23.3199999999488,15.660000000149,23.49
28.1300000000047,15.2800000002608,6.93000000000001
23.6300000000047,15.6900000004098,27.67
26.6799999999348,15.4599999999627,17.16
27.859999999986,15.3600000003353,13.12
29.6799999999348,15.2099999999627,6.84000000000003
25.0200000000186,15.6299999998882,28.05
25.9199999999255,15.5599999995902,24.99
31.140000000014,15.1500000003725,7.06
27.9699999999721,15.4500000001863,23.1
32.6500000000233,15.0800000000745,7.13000000000005
28.890000000014,15.429999999702,25.25
34.0799999999581,15.019999999553,7.49000000000001
31.7600000000093,15.2599999997765,20.65
35.5300000000279,14.9599999999627,7.83000000000004
31.6199999999953,15.320000000298,26.31
37.0999999999767,14.8899999996647,7.70000000000005
37.1300000000047,14.9500000001863,12.83
38.640000000014,14.820000000298,7.71000000000004
34.6699999999255,15.1900000004098,26.34
40.2299999999814,14.75,7.56
36.0300000000279,15.1399999996647,26.92
41.7700000000186,14.679999999702,7.57000000000005
40.5300000000279,14.839999999851,16.92
43.2399999999907,14.6200000001118,7.85000000000002
39.4899999999907,14.9699999997392,25.55
44.7700000000186,14.5499999998137,7.86000000000001
41.0400000000373,14.9000000003725,25.45
42.1500000000233,14.820000000298,21.73
44.9000000000233,14.589999999851,12.56
46.2299999999814,14.4900000002235,8.10000000000002
43.7600000000093,14.7400000002235,21.47
45.9199999999255,14.570000000298,14.27
47.4399999999441,14.4500000001863,9.20000000000005
44.0899999999674,14.769999999553,25.46
48.8499999999767,14.3899999996647,9.63000000000005
45.7199999999721,14.6900000004098,25.12
47.2999999999302,14.6200000001118,24.93
46.2999999999302,14.929999999702,25.3
44.5300000000279,15.019999999553,26.1900000000001
45.4399999999441,14.9599999999627,23.17
44.2399999999907,15,22.14
46.1799999999348,14.8499999996275,15.67
48.0699999999488,14.6900000004098,9.37
45.1300000000047,14.8799999998882,14.12
46.7399999999907,14.75,8.71000000000004
43.9199999999255,14.929999999702,13.04
45.5400000000373,14.7900000000373,7.61000000000001
38.5499999999302,15.2999999998137,25.95
41.25,15.089999999851,16.87
44.0100000000093,14.8600000003353,7.62
37.7099999999627,15.320000000298,23.6900000000001
39.9599999999627,15.1299999998882,16.1
42.5,14.929999999702,7.59000000000003
35.2999999999302,15.4500000001863,26.73
39.25,15.1399999996647,13.4
41.0200000000186,15,7.42000000000002
33.7299999999814,15.5300000002608,26.96
39.5,15.070000000298,7.46000000000004
36.6500000000233,15.2400000002235,11.98
37.9599999999627,15.1399999996647,7.53000000000003
36.4299999999348,15.2099999999627,7.54000000000002
31.2199999999721,15.5800000000745,20.1
34.9100000000326,15.2800000002608,7.54000000000002
27.6699999999255,15.7999999998137,27.05
28.4499999999534,15.7400000002235,24.36
33.4799999999814,15.339999999851,7.19000000000005
28.1199999999953,15.7199999997392,20.28
32.0300000000279,15.410000000149,6.90000000000003
24.3399999999674,15.9699999997392,28.06
25.3499999999767,15.8899999996647,24.6
30.5100000000093,15.4699999997392,6.86000000000001
24.4000000000233,15.910000000149,22.64
29.0100000000093,15.5400000000373,6.79000000000002
27.4899999999907,15.6100000003353,6.74000000000001
25.9699999999721,15.679999999702,6.68000000000001
24.3800000000047,15.7599999997765,6.87
27.2399999999907,18,6.24000000000001
28.7900000000373,17.9400000004098,6.18000000000001
30.2999999999302,17.8700000001118,6.25
27.5,18.1500000003725,21.1
28.8099999999395,18.0499999998137,16.64
31.8399999999674,17.7999999998137,6.20000000000005
27.8699999999953,18.1699999999255,25.06
33.3499999999767,17.7400000002235,6.33000000000004
28.5699999999488,18.1699999999255,27.87
33.3800000000047,17.7800000002608,11.48
34.8800000000047,17.6699999999255,6.36000000000001
30.2399999999907,18.089999999851,27.4
31.4399999999441,18,23.31
33.0999999999767,17.8700000001118,17.66
36.2999999999302,17.6100000003353,6.77000000000004
31.859999999986,18.019999999553,27.11
32.7900000000373,17.9500000001863,23.93
34.6699999999255,17.7999999998137,17.54
37.8199999999488,17.5499999998137,6.87
33.4499999999534,17.9500000001863,26.89
35.7999999999302,17.769999999553,18.9400000000001
39.3199999999488,17.480000000447,7.01000000000005
34.9399999999441,17.8799999998882,27.01
36.9899999999907,17.730000000447,20.1
40.859999999986,17.410000000149,7.01000000000005
36.4199999999255,17.820000000298,27.1900000000001
37.4599999999627,17.7400000002235,23.71
38.3099999999395,17.679999999702,20.83
42.4599999999627,17.339999999851,6.85000000000002
38.9499999999534,17.679999999702,23.83
40.0999999999767,17.589999999851,19.95
43.9699999999721,17.2800000002608,6.96000000000004
40,17.6399999996647,25.42
41.0499999999302,17.570000000298,21.9
45.5100000000093,17.2099999999627,6.97000000000003
42.0100000000093,17.5400000000373,23.81
43.5699999999488,17.4199999999255,18.61
42.9699999999721,17.519999999553,25.72
44.6500000000233,17.3899999996647,20.1300000000001
45.1600000000326,17.4000000003725,23.55
46.2399999999907,17.320000000298,19.9400000000001
48.7900000000373,17.1100000003353,11.46
47.3199999999488,17.2900000000373,21.47
46.5300000000279,17.6299999998882,21.47
47.2600000000093,17.5800000000745,19.02
45.0799999999581,17.7000000001863,21.26
42.5699999999488,17.839999999851,24.58
44.359999999986,17.7099999999627,18.64
47.9499999999534,17.410000000149,6.61000000000001
41.359999999986,17.8899999996647,23.59
46.4599999999627,17.480000000447,6.52000000000004
39.2800000000279,18,25.54
40.5699999999488,17.9000000003725,21.21
44.9100000000326,17.5499999998137,6.64000000000004
37.5100000000093,18.089999999851,26.43
38.6699999999255,18,22.51
39.4499999999534,17.9400000004098,19.89
43.4100000000326,17.6200000001118,6.59000000000003
35.7999999999302,18.1699999999255,27.0700000000001
36.9399999999441,18.0800000000745,23.23
37.7399999999907,18.019999999553,20.56
41.859999999986,17.6900000004098,6.62
34.2900000000373,18.2400000002235,27.06
35.9699999999721,18.1100000003353,21.41
40.2900000000373,17.769999999553,6.79000000000002
32.5400000000373,18.3300000000745,27.91
33.3099999999395,18.269999999553,25.27
34.3499999999767,18.1900000004098,21.74
38.7900000000373,17.8300000000745,6.72000000000003
31.640000000014,18.3499999996275,25.86
34.4499999999534,18.1399999996647,16.29
37.2700000000186,17.9000000003725,6.71000000000004
29.7600000000093,18.4500000001863,27.1300000000001
31.0499999999302,18.3499999996275,22.72
35.8099999999395,17.9699999997392,6.5
28.7299999999814,18.480000000447,25.42
34.3699999999953,18.0300000002608,6.16000000000003
32.8800000000047,18.0999999996275,6.04000000000002
28.2600000000093,18.4199999999255,16.6300000000001
31.359999999986,18.160000000149,5.97000000000003
29.8099999999395,18.2400000002235,6.09000000000003
28.2900000000373,18.3099999995902,6.08000000000004
31.2199999999721,20.570000000298,5.11000000000001
32.7800000000279,20.5,5.07000000000005
34.3699999999953,20.429999999702,4.94000000000005
32.140000000014,20.6699999999255,17.85
35.8299999999581,20.3700000001118,5.25
31.8099999999395,20.7400000002235,24.18
32.5699999999488,20.679999999702,21.5700000000001
37.2299999999814,20.3099999995902,5.72000000000003
34.9100000000326,20.5599999995902,18.78
38.6999999999534,20.25,5.92000000000002
34.0799999999581,20.6699999999255,26.74
36.9100000000326,20.4500000001863,17.17
38.0599999999395,20.3600000003353,13.27
40.2399999999907,20.179999999702,5.89000000000004
41.75,20.1200000001118,5.95000000000005
37.0999999999767,20.5400000000373,26.8
38.2900000000373,20.4500000001863,22.79
39.0400000000373,20.3899999996647,20.25
43.3099999999395,20.0499999998137,5.87
39.3800000000047,20.410000000149,24.25
44.8399999999674,19.980000000447,5.90000000000003
40.2800000000279,20.3899999996647,26.33
46.3699999999953,19.910000000149,5.91000000000003
42.2600000000093,20.2900000000373,24.8200000000001
45.6899999999441,20.0300000002608,13.37
47.8399999999674,19.8499999996275,6.17000000000002
44.390000000014,20.179999999702,22.86
45.7600000000093,20.1299999998882,23.36
48.4699999999721,20.2999999998137,21.9400000000001
47.3299999999581,20.339999999851,20.7
45.0799999999581,20.4599999999627,23.14
43.7800000000279,20.519999999553,22.47
48.75,20.1200000001118,5.84000000000003
41.5400000000373,20.6399999996647,24.8800000000001
44.9199999999255,20.3799999998882,13.58
47.2299999999814,20.1900000004098,5.84000000000003
39.5300000000279,20.75,26.58
40.5,20.6699999999255,23.3200000000001
41.4399999999441,20.5999999996275,20.14
45.7700000000186,20.25,5.62
38.4299999999348,20.7800000002608,25.1900000000001
44.2299999999814,20.3300000000745,5.69000000000005
36.4799999999814,20.8899999996647,26.67
38.4000000000233,20.7400000002235,20.1900000000001
42.6799999999348,20.4000000003725,5.77000000000004
38.0200000000186,20.7199999997392,16.34
41.140000000014,20.4699999997392,5.78000000000003
35.3699999999953,20.8799999998882,20.17
39.640000000014,20.5300000002608,5.71000000000004
34.2299999999814,20.9199999999255,18.9
38.140000000014,20.5999999996275,5.63000000000005
31.9799999999814,21.0400000000373,21.43
33.8099999999395,20.7900000000373,4.77000000000004
32.2299999999814,20.8600000003353,4.92000000000002
35.2199999999721,23.160000000149,4.12
36.6300000000047,23.1100000003353,4.52000000000004
36.109999999986,23.2000000001863,11.52
38.0300000000279,23.0499999998137,4.99000000000001
35.9100000000326,23.2800000002608,17.43
36.9699999999721,23.1900000004098,13.83
39.5999999999767,22.980000000447,4.90000000000003
35.9799999999814,23.3300000000745,22.3800000000001
36.8399999999674,23.2599999997765,19.51
41.0999999999767,22.9199999999255,5.05000000000001
36.7199999999721,23.320000000298,25.11
39.7299999999814,23.089999999851,14.92
42.6500000000233,22.8499999996275,5.07000000000005
37.8800000000047,23.2800000002608,26.39
38.7999999999302,23.2099999999627,23.26
44.1600000000326,22.7900000000373,5.23000000000002
40.0300000000279,23.1699999999255,24.31
45.6999999999534,22.7199999997392,5.25
43.2199999999721,22.980000000447,18.72
47.2299999999814,22.6500000003725,5.30000000000001
42.859999999986,23.0499999998137,25.0700000000001
44.4399999999441,22.929999999702,19.81
48.75,22.589999999851,5.36000000000001
46.1699999999255,22.8499999996275,19.14
46.2299999999814,22.9000000003725,24.03
48.0400000000373,22.8099999995902,23.08
47.2299999999814,23.160000000149,23.15
45.3099999999395,23.2599999997765,24.52
46.6799999999348,23.160000000149,19.96
45.1199999999953,23.230000000447,20.11
47.390000000014,23.0400000000373,12.53
42.3099999999395,23.3899999996647,24.45
43.7800000000279,23.2900000000373,19.55
48.1799999999348,22.929999999702,4.80000000000001
40.3800000000047,23.5,25.85
41.1999999999534,23.429999999702,23.11
46.609999999986,23.0099999997765,4.95000000000005
38.6999999999534,23.5800000000745,26.45
41.1699999999255,23.3899999996647,18.12
37.1999999999534,23.6399999996647,26.43
43.5899999999674,23.1399999996647,4.87
35.5999999999767,23.7199999997392,26.68
37.2600000000093,23.589999999851,21.12
38.9100000000326,23.4699999997392,15.5
42.0799999999581,23.2099999999627,4.77000000000004
36.0699999999488,23.6399999996647,20.01
37.7700000000186,23.5099999997765,14.26
40.5899999999674,23.269999999553,4.66000000000003
37.1799999999348,23.4900000002235,11.0700000000001
39.0300000000279,23.3499999996275,4.79000000000002
37.5200000000186,23.410000000149,4.74000000000001
36.140000000014,23.4699999997392,4.27000000000004
39.2199999999721,25.8700000001118,3.47000000000003
40.6799999999348,25.8099999995902,3.76000000000005
42.1799999999348,25.7400000002235,3.85000000000002
43.640000000014,25.679999999702,4.13000000000005
40.9799999999814,25.9500000001863,18.29
45.109999999986,25.6200000001118,4.38000000000005
41.1500000000233,25.9900000002235,22.85
46.6999999999534,25.5499999998137,4.21000000000004
48.3399999999674,25.480000000447,3.88000000000005
43.6799999999348,25.9000000003725,24.62
44.6600000000326,25.8300000000745,21.37
45.3399999999674,25.820000000298,24.22
46.75,25.7199999997392,19.5
47.0599999999395,25.7400000002235,23.58
48.25,25.660000000149,19.64
48.3699999999953,25.7000000001863,24.34
47.7399999999907,25.9400000004098,24.03
44.6799999999348,26.0800000000745,24.12
43.1199999999953,26.1500000003725,24.26
41.5599999999395,26.2199999997392,24.43
47.75,25.730000000447,3.64000000000004
41.390000000014,26.1900000004098,19.89
46.1300000000047,25.8099999995902,3.97000000000003
44.5599999999395,25.8799999998882,4.07000000000005
43.0899999999674,25.9400000004098,3.86000000000001
41.6500000000233,26,3.54000000000002
40.1500000000233,26.070000000298,3.47000000000003
43.3099999999395,28.429999999702,2.61000000000001
44.8199999999488,28.3700000001118,2.75
46.3099999999395,28.3099999995902,2.93000000000001
46.109999999986,28.3700000001118,8.77000000000004
47.9100000000326,28.2400000002235,2.69000000000005
43.2700000000186,28.660000000149,23.41
48.0300000000279,28.2800000002608,7.46000000000004
44.9699999999721,28.5800000000745,22.86
46.2099999999627,28.5300000002608,23.79
48.7900000000373,28.339999999851,15.18
47.8299999999581,28.4599999999627,23.48
49.0300000000279,28.3700000001118,19.55
47.2299999999814,28.7599999997765,23.42
48.2099999999627,28.6399999996647,15.12
44.4899999999907,28.8700000001118,22.5
48.0699999999488,28.5800000000745,10.52
46.2600000000093,28.6699999999255,11.49
47.7299999999814,28.5599999995902,6.55000000000001
49.0799999999581,28.4599999999627,2.03000000000003
44.8800000000047,28.730000000447,11.01
47.4399999999441,28.5400000000373,2.41000000000003
45.9000000000233,28.6100000003353,2.44000000000005
44.4199999999255,28.6699999999255,2.30000000000001
48.0200000000186,31,0.200000000000045
47.1799999999348,31.1699999999255,13.3200000000001
48.5300000000279,31.1200000001118,13.95
47.4699999999721,31.2599999997765,22.61
48.609999999986,31.2199999997392,23.96
48.0699999999488,31.5099999997765,23.4400000000001
47.9199999999255,31.4199999999255,13.8
48.9499999999534,31.230000000447,0.130000000000052
47.4599999999627,31.2999999998137,0
49.1699999999255,31.570000000298,24.68
49.0100000000093,29.769999999553,1.11000000000001
48.7800000000279,29.6699999999255,20.16
48.8800000000047,29.0800000000745,19.74
49.1500000000233,29.0099999997765,14.34
49.0100000000093,26.429999999702,9.86000000000001
48.9899999999907,26.5099999997765,2.96000000000004
48.9299999999348,24.410000000149,4.61000000000001
48.9699999999721,24.2199999997392,18.26
48.6799999999348,24.3099999995902,23.5
48.8499999999767,23.679999999702,23.41
49.1199999999953,23.5999999996275,18.1
49.1500000000233,23.7400000002235,4.74000000000001
48.6799999999348,21.75,5.47000000000003
48.5400000000373,21.660000000149,18.34
48.5999999999767,21.0999999996275,17.8
48.859999999986,21.1100000003353,5.57000000000005
49.1999999999534,18.6100000003353,10.64
48.6699999999255,18.410000000149,6.59000000000003
49.140000000014,13.0999999996275,9.87
49.0100000000093,10.410000000149,10.36
48.5999999999767,10.4699999997392,21.77
48.640000000014,9.83000000007451,27.46
48.6600000000326,7.79000000003725,10.8
48.8299999999581,7.09999999962747,10.83
48.7800000000279,4.65000000037253,27.09
48.5699999999488,4.21999999973923,26.91
48.9299999999348,1.94000000040978,11.59
49.1799999999348,1.63999999966472,26.3800000000001
48.75,1.29999999981374,24.99
48.7700000000186,1.44000000040978,11.58
